-5.334657153907648164e-01
-1.925187085631843598e+00
2.284340643328913512e+00
1.478573787710560250e+00
-8.564605053696530690e-02
-6.736442867597667306e-01
3.030857026445680447e+00
-5.614260149101250263e+00
-2.368958825946973157e+00
-2.713852086296757449e-01
2.013322106641429965e+00
-6.961568885965953024e-01
-1.913196293441675744e-01
8.324002834771105919e-01
-1.378620384779918329e+00
8.112511337008800893e-01
-2.187360763740687553e+00
9.051438253006282020e-01
-2.531895895767405369e-01
-3.083292979074161000e+00
-3.599448811850221475e+00
5.908007766270778838e+00
-1.314192099668422264e-01
9.739766393242426101e-01
2.296409235323645159e+00
5.914163505873076820e-01
8.480594987603808921e-01
1.483761576612427913e+00
-3.212229372623085055e+00
-1.338028234411870798e+00
-1.987355020145865403e+00
3.457746520834866777e-01
-1.664653669702190530e+00
1.774858855814296144e+00
1.296342431196202849e+00
6.740408446110905949e-01
-9.560691057072863153e-01
1.229537637453741450e+00
1.807491592692092697e+00
-9.400174998110361058e-01
4.611353126357098375e-01
2.863952240383086156e+00
1.774877168556711959e+00
-3.750770842761070867e-01
8.284861699618495390e-01
-1.566937373980705539e+00
-3.025728285165918408e+00
-2.105538354657543909e+00
-2.780075464849849909e-01
2.568352246978294340e-01
9.435038855822385218e-01
3.830118640384303053e+00
-3.934388680010686978e-01
1.077258235546356469e+00
-1.267116455410822740e-01
5.465213531107543155e+00
1.144050519867278348e+00
1.372800348038041740e+00
6.610162998484248043e-01
-2.253841215391318098e+00
4.880684639816777470e-01
2.055869304639044992e-01
1.693255689634338979e-01
4.785884412067874516e-01
-5.459217120145116731e-01
1.041300883365147811e+00
-1.670312243105998906e+00
6.139599344362525635e+00
1.806314133837143343e+00
1.855871419441736947e+00
2.087277732286740017e-01
-2.587165342867166373e+00
-3.374743438086281522e+00
2.851904948495078695e+00
7.394034177868313851e-01
-2.472484838264178197e+00
5.785700526908830188e-01
-5.722701860680085018e-01
1.342530518424131403e+00
-6.905020706493431026e-01
1.126064197477082862e+00
1.715392210294073294e+00
1.338371373301366685e+00
5.540020058925939628e-01
-1.647064710950251198e+00
7.682077828841741285e-01
-2.447318846676930004e+00
4.870964324207162299e+00
-2.584597763275829352e-01
1.303213851871660722e+00
-9.539808885400010707e-01
-2.809156802178269796e+00
2.443616320996862878e+00
2.207458811201911342e+00
-1.318570925289242801e+00
-1.207759444087297629e+00
-1.643128088922557739e-01
-1.499736658784259546e+00
-8.878389463677430204e-03
-1.863015785976597449e+00
2.895778212474080515e-01
6.465640534956481611e-01
9.872905579578421520e-01
-9.845545254022824988e-01
-7.298565639816083639e-01
4.986794199146376005e-01
7.805527963909859590e-01
8.408521705546856406e-01
1.524980804422485070e+00
1.439137939188792625e+00
1.913402531496961378e+00
-1.019997348724412500e+00
-3.714369694136903099e+00
5.338385223663678208e-02
-2.998709868434147996e+00
8.166233586479629825e-01
-2.093187932090770254e+00
6.094754538917455111e-01
-5.531255242810445560e-02
2.253274533691072001e+00
-5.157305549739862327e-01
5.254293975440657682e+00
-1.632363818265004429e+00
-1.831490124981969059e+00
-2.033735443425404466e+00
-1.078879525345163515e+00
-2.591128612124296460e+00
-2.391757606356570420e+00
1.129542635943734386e+00
1.100142673436526497e+00
4.526507404265251111e+00
-2.495006042516216382e+00
-2.488195914760082950e-01
7.672232879551276197e-01
1.023900157632677832e+00
2.732051583902415648e-01
1.670432600577591131e+00
3.213706008941491721e+00
-4.640273753943044976e-01
5.079476294395896652e+00
1.054671545350229334e+00
6.606247384947299128e-01
6.947736638172617996e-01
-2.595820203501418177e+00
-2.306952709346788311e+00
-5.743945599238892141e-01
2.423542701643134567e+00
2.686680054595448564e+00
-8.818329804015568874e-01
-4.482899862577843786e-02
-4.129706211248924674e+00
1.528409625404887118e+00
3.166152927466355238e-01
-3.617787759015842486e+00
5.583456168879040726e-01
-5.017242218465395309e-01
6.701874849825820712e-01
-2.280839661913086625e-03
-1.663161779531132367e-01
8.844039375517851465e-01
5.801990412920114970e-01
3.654326571366856236e+00
-2.619435085968863652e-01
-6.289050179608803859e-01
-5.307744322913909851e-02
5.451825936545950935e-01
-2.780718605793017772e+00
6.628339482979523911e-01
5.801033013280084694e-01
2.102567046588558419e+00
1.544493252369135927e+00
7.571251043009817883e-01
-1.989600398668966763e+00
-1.021985506300375546e+00
-3.629568867927456033e+00
-1.888264653557430450e-01
3.187752935575030033e+00
2.057437899047065977e-01
-5.387592382477397468e-01
1.767004133271703914e+00
1.816851906126822236e+00
8.519791616148784108e-01
8.773947367237607819e-01
2.007434147765637444e+00
3.123376683691457156e+00
-9.696544762065675283e-01
1.275846234221383435e+00
-6.987985027610459365e-01
2.461089143519206990e-01
-2.178541105468838612e+00
-3.616220528537767986e+00
-1.441559771091519560e+00
-1.214030377278162875e+00
-1.451379562508501753e+00
4.268702898643119248e+00
-6.175696881796567395e-01
1.907479381304395538e+00
-1.722983096914620926e+00
-8.625160472067304740e-01
-5.698199643254384661e-01
3.860890287527019016e-01
1.561608477288100438e+01
1.071335111224202219e+00
-2.960770415414970547e+00
2.871391425912614981e-01
-2.179918228293405424e-01
-1.421055053240805721e+00
-2.369464436438121879e+00
-6.136256847740965137e-01
-2.104739759731115711e-01
-1.037724832597831437e+00
-1.126062960969040905e+00
5.973419340754454465e-01
1.360534435498384154e+00
-1.962431477082105191e+00
-4.369295017803195513e+00
-1.277718213132075897e+00
-1.846159057261165248e-01
7.249926839778267351e-02
-2.418194252595017302e-01
6.695640097368840138e-01
-2.776365977679908337e+00
1.045560558163390330e-01
-4.038299882424268294e-01
2.354206681000725609e+00
8.870370091628492215e-01
-6.838678553236705593e-01
3.135322568173141811e+00
5.034610227006410810e-01
1.023623641567581455e+00
-1.258953721893679156e-01
-1.116464791872802398e-01
-9.454230183356726602e-03
1.006943578875835188e+00
-4.343456536789021882e+00
-4.229096471012667169e-01
-4.345353508853101454e-01
-1.508731805977455043e+00
2.891334179246532798e+00
-5.202505655884790414e-01
2.540470061897441845e-01
-2.976802189793158193e-02
9.947946024944516186e-01
-2.882363161582673361e-01
-1.254256683451073329e+00
-1.063194431448435617e+00
-1.820171303616989977e+00
5.651670854158817869e-01
1.764486542555280701e+00
1.176773583942301027e+00
3.248342773060364230e-01
-1.245077765228972844e+00
9.197142086357411594e-01
-1.080215361056001022e+00
2.809725594580005370e-01
-1.092191427200419340e-01
1.264225326580014963e+00
2.644683269491428401e+00
-2.399274326366950039e+00
-4.382489477176798598e-01
-5.011135189449549721e+00
5.423223176186200423e-01
2.376208475943318854e-01
1.697299612640442712e-01
1.226347046613343261e+00
