-3.937236935572914209e-01
-8.255800927609795448e-01
-6.303712639211305202e-01
1.207129893242434582e+00
-6.960630796457589753e-01
3.984006188056375963e-01
-2.007023068174386804e+00
-3.084977452423051103e-01
1.557959961811856919e+00
2.287034576148430087e+00
-4.593883614591002251e-01
-1.200180550216269681e+00
1.087308801099440142e-01
2.697034636185513534e-02
2.474011031578742803e-01
5.747579990232822844e-01
-3.222354285821555919e+00
-1.002869324599401590e+00
-6.889277424344244505e-01
9.690662279535637857e-01
-5.820723319018346054e-01
1.740762938940047799e-01
5.473455419331304528e-01
-3.520241209605451393e-03
-1.466597720755474565e+00
5.996639930018773379e-01
5.887154433135303178e-01
-5.312223212023118313e-01
-2.586750027969173527e-01
1.459841617602267438e-01
1.123859552344932400e+00
5.414271994010904088e-01
2.175233772625758122e-01
1.291237074419760322e+00
-6.639383809632221078e-01
1.018634474995468997e-01
3.111133651716544435e-01
-1.226373305623609467e+00
9.042707403826494295e-01
8.140885690173238487e-02
1.368493364504581811e+00
-7.521686446850354146e-01
2.810509609276582443e-01
1.508984901087251140e+00
1.076973975082430091e+00
-7.519847250739349898e-01
-1.406279774403133898e+00
2.077565882848334766e+00
1.011494323409450669e+00
-2.855908095548790104e+00
-2.346694937923908542e-01
-2.733295144694717349e-01
1.550574279323784221e+00
-1.084995582848897466e-01
1.969018589739333969e+00
-1.488434512366482998e-01
-8.190133740991417666e-01
-5.103155871595120852e-01
6.366743745969652424e-02
1.097833751049247963e+00
5.993925704372923269e-01
1.169383643830868458e+00
-1.315720298792108500e-01
-2.430638696147355393e+00
6.733049180424610647e-01
-2.008162789062172049e+00
3.665948320769268909e-01
-7.230132277090188797e-01
5.041712317905051588e-01
-4.585822826038307709e-01
-2.787289505349839769e-01
5.227224237610974988e+00
-8.910519356128768220e-02
-2.923752561392705562e+00
1.750496387022311806e+00
-7.120217604423825786e-02
5.303945498526361213e-01
3.387401315588178807e-01
7.502719907033172930e-01
1.539396977593149529e+00
1.258664465608654304e-01
1.752034122570782504e+00
4.151829282993038106e-01
1.914084553969873204e+00
1.214991440924567678e+00
-1.216565853498763894e-01
7.079172400868875004e-01
4.788168027178641983e-01
-2.569478883982317940e-01
1.791179346787958870e+00
1.679042593853061760e+00
-1.531672298824326983e+00
-8.551899389041923705e-01
-5.408882358829492087e-01
5.914566806257653964e-03
1.305919201811744701e+00
9.490058638853118289e-01
-4.659499371621503849e-01
-2.695736803566449957e+00
1.804916816324894313e+00
-5.970693713416879156e-01
-4.892362129664384884e-01
-1.468305885922313259e+00
6.082120939765079948e-01
2.664438609584426132e+00
-2.458727037544079064e+00
1.005133259468802942e+00
8.719133476211399225e-01
-6.001056962856415877e-01
1.877209600057132333e+00
1.973410780644239582e+00
1.447666575793922883e+00
4.751865155421027276e-01
4.868927018176808508e-01
1.327330611280843065e-01
-9.131192024866895407e-01
9.208373147074023768e-01
-1.740694835597236256e+00
-1.101902307838520612e+00
2.115947598593669876e-01
2.801488056410366134e-01
-3.135497425793724258e+00
9.960151073832026469e-01
-1.316666688758257597e-01
-4.302724304396132737e-01
1.042985337157560144e+00
-1.206669777847292568e+00
-7.865809928439169152e-01
-2.120714445650284108e-01
5.372660365980108654e-01
-1.894048054163511186e+00
1.088158679110299953e+00
6.970715894788008168e-03
-1.197674634019098461e+00
2.539267091521343334e-01
-1.223880157103915067e+00
-1.848332625870864998e+00
3.623622698715822654e-01
-6.087215366876143341e-02
-1.978589044374699846e+00
1.140615438892354366e-01
3.592923766112973150e-01
-9.317009364659534221e-01
2.171113058317705180e-01
-8.781680782989562117e-02
-5.953493128417720603e-01
1.372983073060073389e+00
1.514287356958132991e+00
-2.689550451843769618e-01
7.369535049181837882e-01
-3.518846677795228306e+00
-6.931741815036648324e-01
1.431703344659456922e+00
3.358707711774474025e-01
-4.635574356572305654e-01
-1.702507654630402545e+00
-3.582506117952979352e+00
-1.422988956588332021e+00
1.465383075026887028e+00
-2.820592721494035171e-01
4.138901262398268777e-02
-4.603119891559947496e-01
4.342651485705205094e-01
-1.546056255428265747e+00
4.012400591970054498e-01
-1.584207418408243306e+00
-5.955224146539486174e-01
2.133034343187068860e+00
1.186910006506108894e-01
2.087310253136551275e+00
7.754822114914494691e-01
7.138695500915892556e-02
2.109429100203009388e-01
2.110522605208680957e+00
1.569239485215890628e+00
-2.786227851289231339e-01
-4.362905836056423792e-01
2.822692555671328374e-01
1.806829190161857834e+00
-1.419958531459979190e+00
-1.425879826061129618e+00
-5.620758689080193049e-01
-2.592195613565585477e-01
1.414245360065812473e+00
-1.727472311794906012e+00
1.021141734623202346e+00
9.420911795465837235e-01
4.216049908937461455e-01
1.287115301369675890e+00
-1.017835134549222698e+00
1.652164151825430971e-01
-9.335792202459869404e-01
-1.391276745783056379e+00
-1.836840575104846662e-01
1.013659930612003546e+00
-1.563318624088399389e+00
2.388659738763832807e-01
-1.024016189767644081e+00
-4.662167268303817336e-01
5.146932723399114118e-02
3.285887805991678512e+00
-5.626077441925441125e-01
4.176254784364001882e-01
-1.457467886062093765e+00
9.407782159589805904e-01
1.148879176920440948e-01
3.335218460079515390e-01
1.214848727359914671e+00
8.224480933929919635e-01
-8.533134765294179969e-02
-1.278935267691929001e+00
-1.215173878201330382e+00
-1.328822746334125782e+00
-1.365927505668585451e-01
-1.136246784403879939e+00
-1.080662266299877716e+00
-1.554685927862818673e+00
3.139882228565844535e-01
8.317421474252324476e-01
3.115654009648172185e-01
1.023493924806530425e-01
9.725063851171502627e-01
1.628738244869972540e+00
1.246372528342176489e+00
1.152313972192587022e+00
8.172210971879592112e-01
1.927437332170685302e-02
2.120985290232705545e+00
-1.270836932465486013e+00
-1.697015067757297047e+00
-5.737705792317113751e-01
-1.022824245437686796e+00
-1.724528093714734256e+00
-2.019204180742605603e-01
-7.673969248398400111e-01
1.074939790276765034e-01
-7.610641856783987302e-01
4.180807363185438941e-02
8.585866107758127752e-02
1.039430362812653330e+00
-7.774364721261951827e-02
-2.113374616786096727e+00
1.610132352228650365e+00
1.168449164594081102e+00
-1.330032522455939781e-01
-3.970009237369377941e-01
9.481969314290505935e-01
1.176089992941996121e+00
-4.552781822077246465e-01
5.700010037115627037e-01
2.028221396196774329e-01
-7.779567467698366157e-01
1.264488425172414887e+00
-1.476403067594932450e-01
-1.056939518136038814e+00
-1.617522111051848288e+00
-8.412886171070192987e-01
-1.101386461095425595e+00
8.869727315994861971e-01
1.547207879367055450e-01
5.507765450016629399e-02
-1.528867687309924728e+00
-4.015939571937443553e-01
-9.819879816187071508e-01
1.313679737320089469e+00
