-1.678565752572001690e+00
3.953876972638651344e-01
-9.467897396751683292e-01
-1.472127330394236155e-01
-1.221830077282908933e+00
8.962445926319209111e-01
4.166170044090448110e-01
-1.819104429712737891e+00
-7.549333779428302194e-01
4.240882475988740907e-01
-1.228272629470962940e+00
-9.581043674281654321e-02
1.712703340605849611e+00
-4.701366804853918113e-03
-1.282016163004071063e-02
2.457753804282331256e+00
1.013407136601503167e+00
-1.109898843520809475e+00
-3.607874266089279303e-01
-1.500265808410866208e+00
4.280122073781270631e-01
5.177389953034144954e-01
-1.631095090117716362e+00
5.387428756350377546e-01
-1.110511433953495608e+00
1.088586615282284509e+00
-9.036162160537397625e-01
-8.843326366203660971e-01
-5.779300908856268570e-01
-1.124124196589141089e+00
-1.571517726070269960e+00
-1.533043040646994704e-01
-2.436738081105625398e+00
6.368082240742223288e-01
-2.796446386345175505e-01
7.155992041651970670e-01
2.548359213048987826e+00
-5.883493202663495625e-01
4.830184267758299566e-01
-2.052854266204555245e+00
-3.682218153117731707e-01
-8.493363714699495581e-01
-1.194128112234860845e-01
-2.038145731555260021e+00
-1.800489810185750272e+00
-3.210311991577899371e-01
3.051236101023220737e+00
9.440804649164158402e-01
-1.197505123967712359e+00
-7.571833967808744292e-01
-8.116542198603091673e-01
4.501291637360655407e-01
5.401196136140885562e-01
8.844599919733502347e-01
1.653957422930169230e+00
7.693411126442889492e-01
-2.557716433014466384e-01
2.659692470181216489e-02
5.737976428718396527e-01
8.137024735781942519e-01
-1.725152154759373335e+00
1.892362716134964540e+00
2.848727775880466329e+00
1.256760095659206877e+00
3.802168042543762616e-01
4.152728259574135494e-01
-1.222923600629252316e+00
-4.874065504457270048e-01
-3.338924460104987224e-01
1.006001109350822986e+00
1.212226644958250166e+00
8.309495569761985445e-01
-6.848670817710234004e-03
-2.147395397214105550e+00
-4.125031621427411865e-01
-5.044085026112719028e-01
-9.605674886523263289e-01
-6.089977296293271058e-02
6.021269320547729675e-01
9.831997027363795216e-02
-9.255611577808759982e-01
2.816665115089628246e-03
-1.267051865196667793e+00
-2.615901960056722375e-01
-1.203942959986559424e+00
1.725841689522004785e+00
1.092446351627208934e+00
-4.900221277724193247e-01
6.180991373202836536e-01
-7.887253857683618197e-01
-1.531863688585694883e+00
2.993205163659228840e-01
1.823017487177573726e+00
2.573466212974293121e+00
-4.353812453764484558e-01
6.987366501132997731e-01
-2.584219696255258825e+00
1.463513829513337194e+00
-1.030222675161557744e+00
-1.103109799554509607e+00
6.531334560361959363e-02
-1.616585899159499684e+00
2.704544319031335076e-01
6.225143382741835651e-01
1.098441195426603650e-01
2.595824996185313704e+00
3.613619388896657236e-01
-3.465237631315519207e-01
1.471896294561340301e+00
1.466640871997127116e+00
-9.716275987208781162e-01
1.858419760866041603e-01
1.870220095104865754e+00
5.171207743976657945e-01
-8.974362366465091778e-01
-9.837115794430429938e-01
5.665258700418064342e-01
5.216404274044738054e-01
9.680072261815371171e-01
-5.535551373233476014e-01
-2.892271700169184001e+00
1.296527970534669283e+00
1.334796485420158607e+00
1.985026794320218002e+00
-1.140671536761247218e+00
2.369917421039458461e+00
7.381734752404077726e-01
1.739983101082150041e+00
-2.242057164927316215e+00
-2.028277772296032122e+00
5.679480635685331402e-02
5.202770812004320344e-01
1.117669259255321679e+00
-1.716131335009797865e-01
-6.858049203867324639e-01
7.606464132258914379e-01
5.142778362192350627e-01
3.271641932283314014e-01
8.313426315364993435e-01
-2.971966767663933306e-01
1.836595507155697637e+00
-4.708079008688093037e-01
9.663878708886627367e-01
-1.142973993078234107e+00
-1.421638082362606914e+00
-4.342636635003607748e-01
-1.135352901584946395e+00
3.366362850231714027e-02
2.291803792214001656e-01
1.355955907610815192e+00
5.664224527857208979e-01
1.850759457825002841e+00
4.960380481897276317e-01
3.872551606329940194e-02
-1.097620847533473221e+00
-1.012018066438968633e+00
4.321403245430769369e-01
1.563275725901329960e-01
7.715108788009408247e-01
-3.194637496164011714e-01
6.495336228712943472e-01
6.482302903447967335e-01
9.514192749744854183e-01
-3.476411796052044645e-01
1.746532338198277357e+00
-5.049792757619603334e-01
1.614743341507464569e+00
-4.092456012908546326e-01
-2.077262788722164633e+00
-1.574984421092192166e+00
2.739028581673078833e+00
1.303867265439044854e-01
8.336406998010348346e-01
-2.898213887142852552e-01
3.199718438183981051e-01
3.075194096028618151e+00
-8.070699710524318338e-01
1.145844496515255884e+00
-8.042214207462033970e-01
-1.003897778171951805e+00
5.408394406417331712e-01
-8.639504664095726261e-01
-3.623639951612538823e+00
5.667647252727429086e-01
-4.125634997855336383e-01
2.425259807502697651e-01
-4.087763599959521876e+00
-1.425285714136140580e+00
2.245837955700531463e-01
1.464164716322587267e+00
1.736386620285259363e+00
4.115012126429209438e-01
-2.587038876216983529e-02
6.142956575255044127e-01
6.434945883420345458e-02
1.833981644529214527e-01
-7.425641764212047580e-01
-7.094580644573464934e-01
-6.407565830570408627e-01
-9.246945821069947336e-01
-1.525924055797371448e+00
1.538731109951330556e+00
-1.152148076853390490e+00
-7.154816846497338290e-01
-4.278034379514505936e-01
8.614460180857612670e-01
-9.326171930865978510e-01
-1.027607383310537248e+00
-8.078282173594809601e-01
-1.871871731746937551e+00
-1.164647326445512610e+00
-3.670913592170055750e+00
1.011222528304373203e+00
2.637776538766021694e+00
-3.819259176860526628e-01
-1.240540311492397407e-01
1.019705331792967185e+00
-3.790784882488355656e+00
4.180871622888883421e-02
1.466935342852341728e+00
-7.878134117557347160e-01
-3.690562800191684811e+00
-1.312999873206116996e+00
2.660880855035869796e+00
8.887210653862331888e-03
4.967291344185655322e-01
8.302947776950817538e-01
3.869540935308498075e-01
2.451998442701272818e-01
-6.707928238204269311e-01
-6.699075324225126638e-01
-3.991221258658136373e-01
-2.558544560200570195e-01
-2.032663458662965272e+00
-8.506376112867793937e-01
-1.881214885502960343e-01
-1.414549143635666750e+00
-1.448135279361727701e+00
1.972016854312757805e-01
-3.722507801575429820e-01
-1.852555649640717172e+00
3.857035939588318030e-01
4.023629997207399667e-01
-4.086852365295947642e-01
8.718645027809278636e-01
-9.774472235130650111e-01
-2.388182562486226068e+00
-2.525789884924399820e-01
1.214487602826693324e+00
9.192167102115558208e-01
-6.310453698948724488e-02
8.319067869527958514e-01
6.259787948461064122e-01
9.474383473624017338e-01
9.851788527463535283e-01
-6.657790363834124037e-01
-5.550500245598803950e-01
1.911847322902279211e+00
2.301354954322973434e+00
-1.532694802617551089e+00
1.391257972692887979e+00
-9.129631808085696409e-01
2.100531085515036533e+00
-5.698628978393994737e-01
7.711752936294749006e-01
