-4.366964615909723513e+00
-1.020957595521981176e+00
-2.421333311620655682e+00
3.331228584491904843e-01
2.012388123055796063e-01
9.650844353348522198e-01
-2.539437974712864143e+00
8.561577710343040160e-01
1.770152338438424122e+00
1.785853062409474834e-01
-1.519453200314571539e+00
6.935983903228083447e-01
2.818782771854404956e+00
-9.557893266066910254e-01
4.790859324152277887e-01
2.606030518431747378e+00
-5.420784444364203924e-01
-9.893039527543792122e-01
5.765652949517133807e-01
1.867756113920160166e+00
-1.053682711777942149e+00
7.597547965864223651e-02
-1.182375898272230108e+00
1.959375634102348052e+00
-2.009755518312444256e+00
-6.693779266775689019e-01
-7.901417816718984133e-01
8.338484807799986243e-01
-2.124465398675350336e-01
-2.232820434007979360e-01
3.837568236878061700e-01
-4.722321187071678583e-01
1.019190613057775696e+00
-3.487469494893433858e-02
2.718204669744061164e+00
1.366740696712555270e+00
-1.020503938348198192e+00
2.617669818958121120e+00
-5.745692762917177232e-01
9.709624406634086435e-01
-5.377195252589191954e-01
1.313573875297498583e+00
-1.389664568811328715e+00
-6.427546853358613310e-01
1.972344616404089424e+00
-1.175202184310877529e+00
-8.784670161136742816e-02
3.221871857377789805e+00
1.067443378987106506e+00
-2.364993427228526457e+00
5.075869797453128607e-01
-3.321342213006381883e-01
9.979408629924609864e-01
-9.934720229959448368e-02
9.867758989774024769e-01
-7.151708550362846362e-01
1.040462282171992492e-01
-3.421970301426775496e-01
-1.524009262036086110e+00
-6.900154673515463966e-01
1.535986174058800557e+00
-2.320601891618800372e-01
1.718006776849115846e+00
7.236788932920422690e-01
-6.535681687657504124e-01
-6.597121991284690123e-01
5.403103864985133731e-01
-2.521447647201903841e+00
-1.959661098014808811e-01
9.195914282283186303e-01
1.316833871600564088e+00
1.517955709407616149e+00
7.108062994782878841e-01
3.878195762961787751e-02
-1.324050006881298813e+00
5.598028948910315217e-01
2.048840151326648762e+00
-9.550186259217646745e-01
-4.172905075731340174e-01
-5.361177507964717259e-01
9.978531463081867781e-01
1.565448469639388662e+00
-1.404099442799840114e+00
-1.342294057664821461e+00
-1.870093418045410072e+00
-5.474783600609108847e-01
-1.373982710271865804e+00
5.143121467555253901e-01
4.105915970250278435e-01
-8.065417355411454992e-01
4.585962580184382298e-01
4.299325686639378363e-02
1.147937779298953132e+00
2.417478293780573051e-01
3.319739360810589623e-01
2.338814768463632621e-01
8.232163293946391791e-01
-1.612975116761272698e-02
8.296982321881577471e-01
-1.174976551477378450e+00
1.018585968515490769e+00
-3.625755922101486783e-03
1.782190365056647519e+00
5.077142049565812609e-01
-5.161694810575134795e-01
-3.514202552753238340e+00
1.977944225680736912e+00
2.626620152198575475e-01
3.456127545560458536e+00
-1.166139337643588680e+00
2.353447598947869590e+00
-5.881200132502669709e-01
-7.497829890333285174e-01
-7.460469773268690874e-02
-2.670885430662595539e+00
3.838556818549348493e-01
1.600764820190906379e+00
-5.756644748562537162e-01
7.459180687068189819e-01
1.768050311322664492e-01
4.023619033024711245e-01
-1.671926514365847494e+00
2.068331139426087262e-01
-7.950319891709858311e-01
2.185312555430064752e+00
7.761222570995170988e-01
-1.167314714702359257e+00
-5.372898697125678691e-01
-2.358313475661365732e+00
-1.857059868097037603e+00
1.084132274406139462e+00
-6.843664399331250703e-01
-3.830475302275724858e-01
1.392816673415941953e+00
1.116217580435650003e+00
3.931944511985911994e-01
-8.034575279338406206e-01
-1.011149875054544678e+00
-5.245516098085136747e-01
-1.902362622623132049e+00
1.581134414557498369e+00
8.009412376458829863e-01
1.429529383851852575e+00
2.343255075612069582e+00
-3.894676929276903454e-01
1.116724178893854891e+00
-2.313276888615075633e-01
2.577125530731460223e+00
8.966642692328460340e-01
3.277243118519763687e+00
7.875195728707840015e-02
1.033304797319123614e+00
-2.894345054000943662e+00
8.222493842559596144e-01
-2.136970105663798414e+00
-2.110431158123248219e-01
5.889000086152707675e-02
-9.297603225127729631e-01
-4.142596886725154470e-01
-1.430645055801789134e+00
1.690945836438932259e+00
-2.700635645394610762e+00
-1.506486833940950287e+00
-2.082620877522556757e+00
2.393537268788934469e+00
-2.235643487055500422e+00
1.205942583114030242e+00
-1.453655784747425628e+00
1.659530389169151743e+00
2.480330762175925408e+00
-7.949713629055331632e-01
1.962354087953833259e+00
-2.163839459399656828e+00
6.330413909159816610e-01
5.055022844533388904e-01
-1.601799733528956882e+00
8.326676288962571171e-01
3.183649429808375064e+00
-6.758721366828565058e-01
2.959375120715293517e-01
-4.613700246600497268e-01
1.466023489360765542e+00
-6.788813174327861244e-01
8.423316724430495173e-01
-1.013619437503896270e+00
5.462299350253932984e-01
-2.719622566688646881e+00
9.896516666003484231e-01
3.780615726179979763e+00
-2.127452921603237845e-01
-5.491593684084009608e-01
-4.159765473635647082e-01
-1.888013884790764152e+00
1.704493999077207889e+00
-2.317229339916873521e+00
4.229986626868430244e-02
-1.128455495037107736e+00
5.648970757022914180e-01
1.213606222811617119e+00
3.388535580705182015e-01
8.111123087710845336e-01
-4.209504165329872594e-01
-1.560359375478358013e+00
6.287231147923144636e-01
-1.270070953117691692e+00
-1.131243419140994522e-01
-1.038367007945829590e+00
-2.389049368933820805e+00
-2.067015490767456498e+00
7.387955942594678360e-01
5.427309958907636789e-01
1.170135476168896682e+00
-3.295144616497307499e+00
-1.843481726618385830e+00
3.800441446916197341e-01
-1.686995390279990126e+00
1.678666464212990928e+00
2.426000192702268965e+00
1.394260203369285689e+00
2.801949237302846729e+00
1.103725498447742037e+00
1.989794980219056653e+00
-1.125413132270076666e+00
1.060496690048542634e+00
-2.647040015872323515e+00
1.928101289796673390e+00
3.304202667968588192e-01
-1.746660000445550587e+00
1.772864616145643613e+00
-3.804133046586905542e-01
-3.811833926826571073e-01
1.801339472405902864e+00
2.318255966435940063e-01
-3.028528590976172108e+00
-8.143974089389944826e-01
3.669479535811481230e-01
5.982162894626292804e-01
-2.423174956613660225e+00
-2.686170500304349007e-01
1.759906701031471510e+00
8.540079856403424152e-01
3.206680458688396795e-01
2.334665194843230929e-01
-7.297011107131945451e-01
8.673442179846908573e-01
1.415292697111831588e+00
-4.261487768803544074e-01
1.943857118403462092e+00
-5.236955179758115975e-01
-1.072457552515837076e+00
-8.277098834779540448e-01
-1.781516386028815235e-01
1.805326327927737839e+00
2.504551297184917313e+00
-2.080299548005919874e+00
-1.452944015595854843e+00
-2.285855772514081341e+00
7.719094373845983847e-01
7.106817744460047770e-01
8.648718541699751405e-02
-9.123160776176059139e-01
1.416130624859984311e+00
9.524662579310536614e-01
1.301214795278508474e+00
-4.715709338955451080e-01
