7.447193346945791825e-01
-1.073081436542409339e-01
1.031166554135504398e+00
-8.968488829171381571e-01
-6.207913147832702094e-01
-7.559927867390621170e-01
-9.393912646780288034e-01
5.784433409524933900e-01
-7.549649739941054483e-01
-4.256918574761261453e-01
1.040133526554214427e+00
1.311360401252366747e+00
-1.328589993870946229e+00
1.674902083539708819e-01
2.621557103394891453e+00
-6.555486113951896066e-01
9.261164119955803686e-01
5.389900274401512315e-01
-4.496992137892340535e-01
7.157368959923231522e-01
-1.517301738580004056e+00
8.915776468446119374e-01
1.135678849782104649e+00
1.193035873501873567e+00
-7.882190372183740523e-01
1.630029336625947067e+00
-1.145487719497568779e+00
5.596195393114713479e-01
-1.466710534787299736e+00
2.646703428124169033e+00
-7.971337308162659285e-01
5.160940396705815392e-01
1.309192880895417854e+00
8.234302794644072776e-01
-8.697441997390028545e-01
-5.640687022909457449e-01
-2.762894946415484498e-01
-1.144225458079583424e+00
8.338527848726957625e-01
-2.955386863818115772e-01
-1.456937525546732282e+00
6.690215646692659890e-01
-1.473874869296146750e+00
2.164405688788583415e+00
-4.932982746509775862e-01
-1.943798664474567506e+00
-6.360415910026942510e-02
1.082502419572491048e+00
-7.043764068177460480e-01
-5.753482884802021413e-01
-4.551412889431863396e-01
-1.074869395487034751e+00
-1.796753286977385011e+00
4.694026433067806647e-01
-1.234085289022764043e+00
2.171318055536674008e-01
1.909692457376274799e+00
2.583533544027168283e+00
-9.430772044236361840e-01
-7.968645728944206974e-01
1.236136344350002414e+00
-9.416476199099077515e-03
9.889073580125514740e-01
-4.893734047358275219e-01
1.178592471569603006e+00
2.375107145949639509e-01
-5.039503416491508681e-01
3.916244203643125754e+00
2.600112752373053837e+00
9.683218287984025618e-01
-4.020008945470792128e-01
1.221954551810372269e+00
-6.762272016898158711e-01
2.857359389347090772e+00
5.960107282117040883e-01
-1.846498350969513425e+00
-1.020435046154084757e+00
-1.988729628667949278e-01
-3.547381176159789540e-01
-6.817795298670487059e-01
-1.865843163166318375e+00
-6.619235889675700868e-01
2.553465395444436403e+00
-2.278634503648861109e+00
-1.180453670596562477e+00
1.931009782324790980e-01
-5.659877731890921027e-01
4.458407159640687123e-01
-4.128883277058385537e-01
2.529011964007209734e+00
-5.920719559812680499e-01
-8.299196729667882577e-01
-3.543184989447332733e-01
1.169480724925377191e-01
6.568502179087504222e-01
1.343683480514286543e+00
8.868919661404178756e-02
1.029300999183920595e+00
-4.472637202862543571e-02
-9.520232859153978655e-01
-9.330164555770497081e-01
-3.289291536364798985e-01
-2.074075665180203365e-01
9.437831625027917060e-01
3.202737891047419128e-01
2.491294609761965262e+00
2.174678237162006589e+00
4.282596010174016810e-01
1.230049650407931017e+00
-1.173831898915574712e+00
-1.837594351921521652e+00
1.479259883698760492e+00
1.578975886281444030e+00
4.521529218837906927e-01
2.661784045175272784e+00
-2.642681790166478972e-01
8.399709321510315241e-02
-2.382012773783662052e+00
-5.452108518797390557e-01
-1.995214081614898882e+00
2.884786109499282158e-01
2.720429085031292882e-01
8.944078199344842606e-01
1.353316415597748623e+00
3.739375814271209686e-01
-3.438204907000145250e-01
-1.054730769234606957e-01
1.877568422895865563e-01
1.060433746356446383e+00
-2.640945407035369730e+00
4.629979354903509536e-01
2.176308799621153423e+00
1.980691840207360888e-01
3.057952880121830308e-01
7.814130390194524711e-01
-4.196508791225659341e-01
-5.776764480809749580e-01
-7.150681174728859557e-02
6.579707424143793615e-01
-6.007674241141605087e-01
2.366201118621221955e+00
1.273718054746409090e+00
-5.520134117970999510e-01
-5.235744867069296316e-01
-1.049373672455216899e-01
-9.124881462062797155e-01
1.271356795926786187e+00
-6.357955762493140428e-01
7.502646677823847643e-01
6.882928311316210968e-01
-7.124891677754277008e-01
1.261525725455050040e+00
6.297136770110357551e-01
-2.863151625763201147e-01
-1.296981669120347069e+00
-1.239000691047400959e+00
-1.652791271047763910e+00
3.300098779488587764e-01
-1.840136471684027608e+00
1.633971324830075345e+00
-6.669419089313000093e-01
1.814246854197182068e-01
-2.060827691765421688e-01
1.409698548359895165e+00
-6.780902304245599588e-01
1.155076028544491873e+00
-2.097260697870390267e+00
1.070232196287194126e+00
-2.825714301239460879e-01
2.641495536173081859e-01
1.660970140083289026e+00
-6.319824596440258846e-01
5.120258645759180327e-01
-5.642521371963390431e-01
1.476678258544198874e+00
-1.043399858020767512e+00
-1.112518364323905828e+00
1.116812671369770360e+00
9.205602086780996507e-02
-1.882337506356801526e-02
7.698419285664149792e-01
7.549915274205569737e-01
-8.081333961101795360e-01
9.589866140729916832e-01
-1.098882081826441315e+00
-9.579402010250855914e-01
1.549087228475013234e+00
-2.028657542265418723e+00
-1.631379987091094552e+00
-6.199583557539993794e-01
-5.249463891363977952e-01
-4.307377180290938301e-01
9.313660157204207701e-01
-1.544476946138305440e+00
1.762036663947070592e+00
3.967133158502131884e-01
7.561773216580244261e-01
-1.069441037461547506e+00
4.855868755020144034e-01
5.740563352678857978e-01
-1.209759799497458266e+00
-2.524760899466910735e-01
1.867264742514537224e-01
-5.384341336096410968e-01
-2.952720205630275929e-01
-4.003754415267604672e-01
3.562594780293474872e-01
1.883531519888585137e+00
-3.216651518279600719e-01
2.631176804547402881e+00
-4.036924518451588950e-01
-9.949682699560347121e-01
7.600830003474505769e-01
4.859255815082969554e-01
4.654673815383459923e-01
1.329961775149112180e+00
-3.161184400939876515e-01
-1.910215231179083428e+00
-5.029837453218634069e-01
-3.531519049925724296e-02
7.733958739956844353e-01
1.194108815998155965e-01
7.698002889744702815e-01
8.716892410626176924e-01
1.710006277037143807e-01
6.393829137689095721e-02
8.102546246691335607e-01
-6.880334625266226745e-01
1.787354226076629971e+00
-4.192995092332502116e-01
-2.209606729128318570e+00
-1.349401968505081761e-03
8.514563739404998333e-02
-7.393510457285694670e-01
-6.141566979778629864e-01
6.887824789485497146e-02
-2.186447084532012475e-01
-3.424812211556330088e-02
2.796348747440011273e+00
-5.182431761989448882e-01
1.685922328387173375e+00
-1.406893583116974877e+00
-2.050147395500562797e-01
1.456551227289829109e+00
2.906811059143214138e+00
-4.776823125623984034e-01
5.848225051289311915e-01
7.665902772786705732e-01
-8.258934196425572472e-01
1.304236265905126757e+00
6.504187806748452649e-01
1.107029624796867395e+00
1.410141724985416012e+00
-3.533795882812093003e-01
-2.344192346443528141e+00
1.973589738544541561e+00
1.201503755913217730e-02
-1.675079540513149334e+00
1.426543557033594922e+00
-2.594854912996975571e+00
-5.708662041405763166e-01
-1.836926695763633210e+00
-8.022257738832203611e-01
-4.778826106159249631e-01
-2.200503627109369198e-01
