1.309240785091710269e+00
-2.848101742813996307e+00
-8.332594260900534344e-01
1.247717893714631154e+00
2.301636001040050505e+00
-4.995267989745410531e-01
2.220210351036237650e+00
-4.782237907750261918e+00
2.107893862584953037e+00
-1.350003700889455871e+00
8.151570886104655411e-01
7.308866959285922338e-01
-1.501665889398140497e+00
2.386710253425769590e+00
-1.548470700361516128e+00
3.298855629399223943e+00
4.303897183945030180e-01
8.877843588064195934e-01
-3.097135515590538901e+00
-2.587539484885252872e+00
-1.155414176443130492e+00
1.760275817452009894e+00
-1.450427533508658939e+00
-6.319150882934351010e+00
-2.518585079691967876e-01
-1.576746968980940800e+00
3.374512878726920739e-01
-2.100138354911285088e+00
3.157145541493619589e+00
6.368738509777431389e+00
-1.776170769900005109e+00
-1.237681600580895630e-01
-5.670224603763630855e-02
7.983823024314946615e-01
6.436246754629154632e-01
1.557360519745692340e+00
3.522979354147969921e+00
8.043137158139270770e-01
8.137976270290719905e-01
-2.942056138595978698e-01
4.920753982683357397e-01
-6.330387963051993250e-01
-4.213390966685254813e-01
-6.013196073812647757e-01
-5.914808489476525155e-01
-3.720921844576799420e-03
-1.468118347276753610e+00
4.406712737015841541e-02
-1.465842739717748255e+00
-7.220983309739435363e+00
-2.501782376272665420e-02
8.305078848059814778e-01
-1.414011946969532030e+00
-4.707243643358887675e-01
4.516547177000861391e-01
1.733661538257028845e+00
9.025239146287853842e+00
-3.383514042089443841e+00
-7.889548348683800283e-02
-1.993047122466706123e+00
-1.141969980152480524e+00
3.757504542634056144e-02
-3.651043235975798495e+00
-2.814448539637098179e+00
1.097416883046351099e+00
-1.851164079687748654e+00
-2.461144556520209470e+00
-2.266777747886656424e+00
2.681318587833937173e+00
-1.089766584977513442e-01
1.563340503334474385e-01
1.382689071046113993e-01
9.439472889907722930e-01
4.564884810308998730e+00
1.657465059622893033e+00
-4.856390209193984231e-01
1.034953223977756354e+00
3.025310314901183517e+00
-4.235498661587677044e-02
5.085875775404996579e-01
-3.106114241475943505e+00
1.586690253425953046e-01
-1.136729527538219653e+00
-5.403656324127800170e-01
3.737411996632607813e+00
-2.905484771571376967e+00
3.116662804413328214e+00
1.681144993426149647e-01
5.193500723693833532e-01
-6.045648107999949117e-01
8.358012346374907864e-01
-6.366458481006673775e-01
3.431253916211155275e+00
-2.153026590262919981e+00
5.051238380612412815e-01
-1.010280226826341110e+00
-1.763889678623736579e+00
-2.210895643248430797e+00
-3.347971999325737080e+00
1.166443658759626356e-01
-4.335859065949195790e-01
1.278208008147516117e-01
-1.372285955419089820e+00
-1.299652214295505148e+00
-1.973663717284508401e-01
-2.024552933528952714e+00
1.784205719631431153e+00
4.785734532402114438e-01
2.446567944858257349e+00
2.891649661404644966e+00
-1.892303066912631504e+00
5.772754008600315956e-01
7.166055148640595451e-01
8.579101306971935736e-01
8.207232439113969491e-01
1.832728453669335345e+00
2.458901867360631099e-01
-3.391213862635022114e+00
-2.518574023181867627e+00
-1.583393522234177730e-01
5.298136476380850279e-01
-4.467513497265399591e-01
5.830901579446937100e-02
5.012120930655585838e-01
4.275439955044021412e-01
-1.806442899572019201e+00
-3.699071226994721240e+00
3.602530658356458915e+00
3.704795994645894819e+00
-1.581562115783221811e+00
1.389813825138373815e+00
-1.368382430540570960e+00
2.847305476338436447e-01
2.424526770202267922e+00
-1.643834797670376546e-01
-2.432870985437464384e+00
-4.168483604563917311e+00
4.464324498600550500e-02
-8.713529880641871728e+00
2.117012612052502352e+00
-1.119590606496438046e+00
-1.406792835732735725e+00
-1.239425432163276275e+00
5.372219132744400216e-01
3.808807062798642007e-01
4.800883651237906891e-02
4.095067566659970737e+00
-1.708360211714593069e+00
3.946597804861042835e-01
3.921086355026547565e+00
-6.159209439005816078e-01
-1.154363424606869915e+00
2.594110487782053553e+00
-3.467085905482545360e-01
-9.146841098718446750e-01
2.080683566155324016e+00
-3.455988346065146377e+00
7.217813411086710040e+00
1.083138572225519347e+00
-9.742962875535184919e-01
1.114043310345975479e+00
-9.903578541122974588e-02
-2.353463447369482431e+00
-4.455738156102168612e-01
-1.422805499837070276e+00
-1.404120893020806005e+00
1.724162235497549878e+00
-6.340404789399045615e-01
4.518312473863977274e+00
-7.240092390381908105e-01
1.131940069662277670e+00
-3.259597854479004408e-01
5.684761699237275007e-02
1.580236628544888333e+00
2.431575310982891036e+00
1.711281438641705011e+00
-1.082303340486972854e+00
-4.058345629053340176e+00
1.263504682551822578e+00
1.979053413142722317e-01
3.283104252656556366e+00
-4.139365681033385092e-01
2.172303920287080636e+00
-1.228239832382560737e+00
3.438550811671122531e+00
-1.179506911726119656e+00
2.887654261983483739e+00
2.543600075892853862e+00
-2.860798015463285271e+00
-1.571259140440796731e+00
9.908537282048216488e-01
-2.156013904023928340e+00
-5.146689292227203394e-01
-1.675218057998015597e+00
-6.023078290400147417e+00
3.193240362800755072e+00
-4.054219173490342776e+00
-9.722539304213094757e-01
-1.865425540182388708e+00
4.518280657337201967e-01
5.783799129236601999e-01
2.707573751946117796e-02
4.081290020853197476e+00
3.123671033458190749e-01
-1.066080691298949334e+00
2.318835603397134904e+00
1.900566707515002118e+00
-1.183163308992025708e+00
6.454352922743391563e-01
-2.091381303780817547e+00
-1.775321421982224146e-01
8.507004739578384545e+00
1.000483251493963444e+00
3.165847742703979950e-01
-4.913409876802300680e+00
2.890574519792160971e-02
-1.283526225450553615e-01
-1.814127506302693149e+00
-1.526616324039183237e+00
1.075441421728600133e+00
1.986270841421565514e+00
2.661977399130523170e-02
1.981653242510140744e+00
-3.004196720546268851e-01
-4.942062289261705210e+00
7.908466673908732814e-01
3.551942990945638812e+00
3.586934037686430266e+00
-2.671684571480732739e-02
-4.256981487505809847e-01
2.800799039349217701e+00
-4.408686382000713833e-01
1.584736497018971679e+00
-2.712758804382868205e-01
-5.150819878859051570e+00
-1.301515653430324937e+00
8.112419668772741232e-01
3.053172004788984761e+00
8.979147263528926004e-01
-1.187589232663626859e+01
1.140144251323795599e+00
4.718594949538819083e-01
1.294406404912086250e+00
1.790602545900994436e-01
-2.156054499520650314e+00
-1.076054123020230957e+00
1.711124285943160128e+00
-8.497834525691329022e-01
2.064036719762513794e+00
-1.826677647815672545e+00
7.156184047857241382e-01
-2.657546746675623517e+00
1.309441218226786274e+00
1.160380855680553935e-01
1.380964101650313358e+00
-2.532816304982293598e+00
-1.092448238349149614e+00
-2.302861233387092810e+00
1.885271378242512785e+00
-1.217371339129151853e+00
-3.713681171806007875e+00
2.284769804221875145e+00
1.846038765539861071e-01
4.944805451007197594e-01
4.625469388016837158e+00
