Best Solution: [-5.13566855e+00 -4.07968296e-01 -1.53085344e-02 -1.30587530e-01
  1.06247764e+00 -7.55131504e-01 -1.19198130e+00  4.72319117e-01
  1.12106815e-01  8.30181322e-01 -3.46281760e+01  5.13684048e+00
  2.32628410e+00  8.89283880e-01 -2.52475945e+00 -7.70173146e-01
  1.09856114e+00 -8.63043862e-01 -1.01812358e+00 -5.30547177e-01
 -5.43500465e+00 -5.66347649e-01  2.31211585e+00  1.06291441e+00
  3.14999947e+00  1.01605149e-01  1.05908132e+00  6.41373869e-01
 -2.19948071e-02 -4.45585554e+00  1.53056487e-01 -2.01676375e+00
  5.88077754e-01  7.35010865e-02 -1.54334300e+00  2.38889196e+00
  6.17076273e-01  4.56132777e-02 -1.37838267e+00  5.62101009e-01
  2.50714403e-02 -2.17577999e-01  7.61745389e+00  8.57775745e-01
 -3.96603571e-01  1.63402823e+00  1.04853417e+00 -5.30803225e-02
  5.52064510e+00 -1.89121502e-01 -3.70848211e-01  1.09220659e+00
 -3.20742861e+00  6.65024445e+00  2.55873948e+00  4.77882039e-01
 -1.45882998e+00 -5.02055528e-01 -7.79719841e+00  2.95816991e-01
  5.45190216e-01 -1.49301735e+00 -1.75607010e+00  1.93603350e+00
 -2.48305679e+00  2.00359725e-01 -8.37119073e-01  1.57955471e+00
  1.38239299e+00 -1.25926684e-01 -1.61977013e+00 -1.26123576e+00
  2.02359674e+00 -2.83108808e-01  1.98961815e+00  3.49232694e+00
  4.90065579e+00 -2.25850635e+00 -2.07381233e+00 -7.83190627e+00
 -1.20060656e+00  1.17160179e+00  2.82150817e+00 -3.22133947e+00
 -1.89596420e+00 -3.02012524e+00 -2.51902946e+00  2.20548443e+00
 -2.02291491e+00  4.01817486e-01  1.44128416e+00 -1.09330380e+00
 -1.20488938e+00  3.58912111e-01  1.91608444e+00  3.11914008e+00
 -2.00745446e+00  7.65765282e-01  1.06512480e+00  1.99705280e-01
  7.58082165e-01  4.93371024e-02  8.13568322e+00 -2.72052035e+00
  1.30518209e+00 -9.43247549e-01  1.10039345e+00 -8.96664608e-02
  2.52057752e+00  1.41610115e+00  6.82149894e-01 -2.16702500e+00
  6.42295328e+00  1.77195620e-02 -1.67250227e+00  2.10326963e+00
  1.62856116e+00 -5.18961621e+00 -2.57802010e-01  1.17171739e+00
  3.79449778e-01  2.88377752e+00 -1.20666874e+00 -2.22079976e-01
 -2.14003530e+00 -5.23540583e-01  1.19770241e+00  9.80066265e-02
  9.22941397e+00  6.14335768e-01  5.81234862e-01  6.15720551e-01
  1.27103633e+00 -1.34393719e+00 -6.50477531e-01  1.19726919e+00
  1.73593480e-01 -5.70532219e-02  7.02042176e+00 -2.05803446e+00
  1.20569125e+00  4.65464449e+00 -8.03637025e-01 -3.10101868e-01
 -1.33391432e+00  1.77410735e+00  3.46888567e+00 -9.80427011e-02
  8.47964008e-01  5.17174469e+00 -3.53296313e-02  1.23440226e+00
 -1.13084697e+00 -2.95838729e+00  1.34106982e+00 -7.35142929e+00
  4.35043532e+00 -1.41789996e+00 -1.91832678e-01 -5.76195098e-01
  7.97462632e-01  1.52666090e+00 -4.71314241e-01 -1.61332320e+00
 -1.40009060e+00 -1.72273470e-02 -1.48022245e-02  2.59192131e-01
  1.02563112e+00  9.47237127e-01  5.37673625e+00 -1.02460048e+00
  7.29742375e-01 -8.85303469e-01 -1.49652583e+00 -9.15348614e-01
 -9.00382224e+00 -1.30322421e+00  1.56601509e+00  3.87679653e-01
 -1.86085230e-01 -4.76559237e+00 -2.40985375e+00 -2.43098691e+00
 -1.86697538e-01  1.65218448e-01  1.52253761e+00 -4.81175962e-01
  1.42536861e+00  6.28347379e-01  4.00148416e-01 -3.72763008e+00
 -2.71599266e+00 -1.10141859e+00 -1.57846634e-01 -3.67308921e+00
 -3.13247221e+00  2.14894121e+00  3.27548196e+00  4.00962661e+00
 -2.88128862e-01  1.20090269e+00  1.23572063e+00  6.03098839e-01
  2.42040695e-01  4.68049572e-01 -1.70398536e+00  1.02693659e+00
  1.06638297e+00 -2.32262349e+00 -2.12569171e+01 -3.85555968e+00
  6.85586411e-01  1.12376128e+00 -1.28492563e+00  1.26541159e+00
  8.15915179e-01 -1.05616654e-01  1.74386037e+00  1.85149389e+00
 -2.85185198e+00  6.47155635e+00 -2.97938186e+00  5.00443035e-01
  9.29481925e-01  1.35987332e+00  5.39573687e-01  2.77076214e+00
  1.08390597e+00  1.23316573e+00 -1.33755015e+00 -2.03026981e+00
  5.77582079e-01  1.82686849e+00 -3.55328732e-01 -4.36687148e+00
 -2.64010327e+00 -3.75093470e+00  1.00996346e+00 -3.09171926e+00
  2.10478812e+00 -7.43873824e-01  3.17555423e+00  8.38853908e-01
  1.62227434e+00 -5.26700469e+00 -6.64730721e+00 -3.11934457e-01
  2.47580907e+00 -1.44771697e+00 -1.55667065e+00  1.47026041e-01
 -5.16679749e+00 -2.25105978e+00 -1.20997676e+00 -2.71711857e-01
  2.41811729e-01  5.35586804e-01 -1.13129725e+00 -9.34901107e-01
 -2.90850419e-01  1.64065697e+00  1.40093120e+00  1.75564197e+00
  3.00013722e+00]
Best Fitness: 48.668859
