Best Solution: [ 2.39963485e+00  4.02421032e+00 -6.31231701e+00  8.05282459e+00
  2.56557082e+00 -5.98329258e+00 -4.55035510e-01 -2.55726807e+00
  1.38150732e+00  2.00592248e+00 -5.92472728e+00 -1.11261718e+01
 -4.73867629e+00 -5.15811525e-01 -3.90677751e+00 -2.95015069e+00
 -1.79825431e+00  3.38938381e+00 -8.59064659e-01 -7.12466558e+00
 -3.06799221e+00  5.13486858e+00 -4.35388388e+00  1.74887461e+00
  3.65562400e+00 -7.73798878e-01  1.18593113e+01 -4.11430680e-01
  1.63803264e+01  4.33563923e+00  4.32247421e+00 -1.12271151e+00
 -7.20919816e-01 -3.49502102e+00  2.83362581e+00  8.03785780e-01
 -2.20346369e-01  4.53437388e+00 -2.03506710e+00  4.69927992e+00
  1.37238064e+00 -3.88253422e-01 -2.65009839e+00 -4.02712209e+00
  3.29784280e+00 -1.00266783e+01 -2.26830318e+00  3.37114100e+00
  6.30199597e-01 -2.75546740e+00  1.73943839e-02 -2.03299829e+00
 -1.80188095e+00  2.10585196e+00 -6.38721833e+00  4.09687018e+00
  2.68612136e+00 -2.74064138e+00  2.31940531e+00  1.13540342e+00
 -4.83729340e+00  1.34204014e+00  1.82814138e-01 -5.10234857e+00
  9.40629790e-01 -9.58297550e-01  3.94226325e+00 -3.59218654e+00
  1.70776917e+00  2.07211619e+00 -4.56783501e+00 -7.76446213e+00
 -2.14973425e+00  1.70866832e+00 -3.98149697e+00  3.11102903e-01
 -1.92438527e+00 -2.01434634e+00 -5.67373573e+00 -4.39974942e+00
  6.34890430e-01  2.07875285e+00  8.10278295e-01 -2.03276334e+00
  1.68792512e+00 -2.46381239e+00 -5.21214990e-01 -6.40836648e-01
  1.21662694e+01 -9.74580988e-01  7.19601880e+00  2.76820774e-01
 -2.92366980e+00  4.39254036e+00 -1.15283776e+01 -1.80910154e+00
  1.82840411e-01  6.11251903e-01  3.26473328e-01 -3.64621593e+00
  3.01929464e+00 -1.93852538e+00 -3.53192860e+00 -1.15095494e+00
  1.07063166e+00  1.60580714e+01 -8.00913298e+00  1.01711765e+00
  4.53207501e+00  4.35351530e+00  1.26774346e+00 -2.76816699e+00
  3.27206707e-01  1.59434630e+00  4.36543009e+00 -2.42939624e+00
 -4.00956394e+00 -7.36833538e-02  4.87057093e-02  3.82189705e+00
 -8.68281044e+00  4.10760127e+00  4.29561765e+00 -1.55345317e+00
 -1.67399004e+00 -2.75689606e+00 -4.86684009e+00 -3.91894425e+00
  5.88292853e-01 -2.11723815e+00 -2.12889507e+00 -1.20247111e+00
  5.10067682e+00 -8.06167318e-03  1.99521881e+00 -4.63898381e+00
 -2.84926397e-01  4.47484786e-01 -1.49953722e+00  3.04803082e+00
 -3.25524208e+00  7.04305559e+00 -1.61440833e+01 -7.72977445e-01
  1.29450522e+00  1.31645902e+00 -1.38279308e+00  1.16376292e+00
 -8.00161478e-01 -5.23339290e+00 -2.92177107e+00  3.73073212e+00
  1.31749964e+00  5.09940980e+00  2.76240915e+00  1.61201035e+00
  1.01786096e+00 -1.11437611e+00  1.50975216e+00 -4.71622761e+00
  5.64215637e-02  2.12572864e+00  2.37278307e+01 -2.95524360e+00
 -2.67275589e+00  4.75637086e+00 -6.52279038e-01 -4.23930651e+00
  1.30232730e+01 -3.75371529e+00 -5.93870247e+00 -7.75151212e-01
 -3.62699425e+00  4.59652023e-01 -1.68283430e+01  4.02569947e+00
  3.16523910e+00  1.83090086e+01  2.80832436e+00  3.08080340e-01
 -1.29896713e+00  1.25397024e+00  2.98088902e+00 -2.81704129e+00
 -6.28400864e-01  4.74142128e+00  1.81476611e+00  1.38936909e+01
 -1.31006741e+00  4.74753978e-01  4.75590477e+00  2.64491639e+00
  4.33726773e+00 -1.72639063e-01 -1.70948007e+01 -2.99438081e-01
 -6.35977697e-01  5.69852132e+00  2.66870219e+00  3.44931724e+00
  7.27679262e-02 -6.99113322e+00 -3.74991488e-01  5.65698345e+00
 -1.77843119e+00 -9.11780795e+00 -1.68843990e+00 -6.69005744e-01
 -9.84789614e+00 -5.81459954e+00 -3.27274567e+00  5.79193584e+00
  5.93175267e+00  1.10548660e+00 -6.36272331e-01 -7.80950456e-01
  1.13064951e+00 -2.63308659e+00  2.44929955e+00  2.01265833e+00
 -2.38664275e+00 -4.52063628e+00  9.31712426e+00 -1.11076931e-01
  3.33732034e-01  4.92917543e+00  5.09070260e+00  4.91930799e-01
  2.23995651e-01  1.99938714e+00 -1.33963510e+00 -1.54338996e+00
  2.51884602e+00 -1.58919852e+00 -6.33331902e-02 -1.09192259e+00
 -2.14382634e+00 -3.02290577e+00  5.75938063e-01  2.32492790e+00
  3.35584047e+00  1.12474910e+00 -4.69115535e-01  2.24917359e+00
  1.78263475e+00  1.44289034e+00 -3.35048708e+00  9.14674034e+00
 -2.86947599e+00 -1.27341400e+01 -5.14017244e+00 -1.98125064e+00
 -7.16402137e-01  1.59322393e+00  1.59061450e+00 -2.06436340e+00
 -5.41012908e+00 -2.76007321e-01 -4.86202208e-01  9.54411670e-01
  2.15629922e-02 -1.04871109e+00 -9.42236611e-01  4.75770514e-01
 -1.09208339e-01]
Best Fitness: 40.671572
