Best Solution: [ 1.05372400e+00  3.91792865e+00 -7.50269612e+00  8.76167301e+00
  3.36207108e+00 -4.57810949e+00  3.28729503e-01 -1.35096036e+00
 -1.31828288e+00  3.97673530e+00 -1.98541049e+00 -8.96050589e+00
 -1.27713759e+00 -8.71344842e-02 -4.14446447e+00 -3.60495305e+00
  6.28416708e-01  5.34328768e+00  4.47143675e-01  6.17832164e+00
 -2.35875841e+00 -2.43507679e-02 -3.77848243e+00  1.94212023e+00
  3.15741227e+00 -1.64299908e+00  1.10491119e+01 -1.87242435e+00
  1.70073274e+01  3.95445978e+00  4.28174266e+00 -1.60815750e+00
  1.94398502e+00 -4.58140535e+00  3.20033871e+00  1.52854696e+00
 -1.35261482e+00  4.24177203e+00  8.98206976e-01  4.58028429e+00
  1.33135669e+00  4.77133746e+00 -6.45055647e-01 -4.42006992e+00
 -4.70932561e-02 -8.41657904e+00 -1.09947780e+00  3.45662307e+00
  2.26039525e+00  2.48711367e+00  7.17028606e-01 -1.44328198e+00
  2.40941703e-01 -6.73291968e-01 -2.88729722e+00  2.49951604e+00
  2.71379330e+00 -1.67923278e+00  2.51799193e+00  2.36062214e+00
 -5.50031192e+00  2.79464697e+00  1.85999031e+00 -5.10623949e+00
 -4.29716413e+00 -2.84794497e+00  3.78991583e+00 -6.66497904e+00
  5.40706510e+00  1.39450811e+00 -4.39749861e+00 -3.92502058e+00
 -2.14567883e+00 -7.01854926e-01 -5.06598949e+00 -6.53890962e-03
 -1.40539500e+00 -1.24843407e+00 -1.00898724e+01 -4.55496322e+00
  6.41337994e-01  2.42024728e+00 -7.89098276e-01 -1.46981163e-01
  1.97200066e+00 -1.08482148e+00 -1.23772963e+00 -3.32490332e-01
  1.22268683e+01 -6.99645428e-03  3.49397996e+00 -3.27694028e-01
  4.43442700e-01  3.32892778e+00 -1.10132940e+01  6.56299429e-01
  1.19220482e+00  1.49661949e+00 -2.57663547e+00 -4.58089563e+00
 -1.82473274e+00 -4.20909433e-01 -3.35032431e+00 -1.50799033e+00
  1.58145877e+00  1.73997953e+01 -8.59620589e+00 -2.96277870e+00
  7.57208113e+00  3.77340630e+00 -1.58072499e+00 -2.56093187e+00
 -6.85408193e-01  2.43326852e+00 -6.23208917e-01 -1.65930424e+00
 -4.63955283e+00 -4.20103597e-01 -1.80337715e+00  4.58232314e+00
 -2.27843769e+00  3.16645515e+00  4.76414414e+00 -1.89779131e+00
 -2.56848539e+00 -2.19593242e+00 -3.49577960e+00 -3.49113255e+00
 -1.10951327e+00 -4.17295654e+00 -1.61621738e+00  1.16707029e-01
  6.58233312e+00  1.16235964e+00  4.20031222e+00 -6.50023006e+00
 -1.15609612e+00 -1.30301919e+00 -2.92296448e+00  7.40200655e+00
 -5.65169171e+00  7.54730979e+00 -1.41327909e+01  7.63511679e-01
  9.06217050e-01  2.12598710e+00 -4.50072841e-01 -1.73150598e+00
  5.19411844e-02 -5.62301892e+00 -4.40990437e+00  2.00252685e+00
  1.09837766e+00  4.78225027e+00  3.00778517e-01 -3.11894383e-01
  3.69534308e-01 -2.65286287e-01  1.75495820e+00 -3.89425101e+00
  3.47533598e-01 -1.64112236e-01  1.29534751e+01 -2.12152760e+00
  6.42101394e-01  4.68578256e+00 -4.18634725e-01 -3.00812705e+00
  1.15070062e+01 -1.61817569e+00 -7.65788187e+00 -1.02286529e+00
 -3.08830137e+00  5.56206433e-01 -2.12240547e+01  1.50693877e+00
  2.88241601e+00  1.90265338e+01  2.82806348e+00  1.46066811e+00
 -3.33947687e+00  2.67698015e+00  1.15945383e+00  9.68819246e-01
 -4.79226174e-01  1.31539579e+00  3.13542949e+00  1.47765014e+01
 -6.85242981e-01 -2.32008206e+00  4.17845879e+00  3.45238669e+00
  3.29982792e+00  1.44532612e+00 -1.65192796e+01  4.17407584e+00
 -6.14870409e-01  2.31139918e+00  4.47345245e+00  3.05109456e+00
 -1.24020897e+00 -5.29671804e+00 -4.02350584e-01 -9.45781375e-01
 -1.24655095e+00 -1.01090294e+01 -2.06222689e+00  2.28333947e+00
 -6.83512480e+00 -2.16091458e+00  9.60775460e-01  4.65983690e+00
  6.24665471e+00  1.00577392e+00  1.09214425e-01 -3.58390116e+00
 -1.48504669e-01  1.52462418e+00  3.14122675e+00  2.42275329e+00
 -1.81741763e+00 -2.60867678e+00  1.14095553e+01 -7.60891213e-01
 -1.22760473e+00  4.97514084e+00  4.53001275e+00 -2.44527595e-01
  1.44847281e-01  4.98538726e-01 -5.94953311e+00 -9.92505001e-01
  2.17701997e+00 -1.11668955e+00  2.24905071e+00  4.20561552e-01
 -2.11977611e+00 -3.03787219e+00 -1.57522973e+00 -6.45392824e-01
  6.11918377e+00 -1.90627541e-02  7.82477801e-01  3.43688549e+00
  1.96246684e+00  3.07984525e+00 -2.16026777e-01  4.99341089e+00
 -3.16234700e+00 -1.36761373e+01 -5.10061759e+00 -3.66682670e+00
 -1.06191401e+00  2.31168240e+00  3.30690055e+00 -2.73634936e+00
 -4.44260424e+00  4.61379617e-01 -1.09866762e-01  3.52574965e-01
  8.86389523e-02 -4.25682613e+00 -1.22262319e-01  1.60921328e-01
  9.25267737e-01]
Best Fitness: 94.306081
