-8.880714796389326260e-01
-3.078261958859358050e+00
1.124402841564304811e+00
-4.236878666707571739e+00
-3.481828149714008003e+00
3.959141556932288530e-01
-1.564954245833222624e+00
4.100345452937012580e-01
1.113748114068381589e+00
-2.019575336425205148e+00
1.234566830186619862e-01
-3.095307485318832708e+00
4.130642200698903532e-01
-1.965212918353478111e+00
1.192745641407602752e+00
-4.805863563035163821e+00
-2.941321370257731438e+00
9.749046772968347208e-01
8.421453882541578562e-01
-2.862160574739509022e-01
2.105728796739407827e-01
7.445582657243240976e-02
3.934486562068426063e-01
2.340584519732551438e+00
-3.038265763768246974e-01
2.153499839506673563e+00
1.097018208996764832e+00
1.008619966151999225e+00
1.860250486554083427e+00
-4.859770604074171163e-01
-6.283984538329239200e-01
-7.172440526740402333e-01
6.021949208961502320e-01
-6.419587496084415701e-01
1.526907165593932802e+00
-9.254979644680233486e-02
-2.453792898285009905e+00
-2.506549996646117773e+00
2.332321711218685034e-02
1.285238163632951847e-01
1.040541093122343108e+00
-1.003431602710117110e+00
3.937289851894812731e+00
-1.901782731046369079e+00
1.465760941867943146e+00
-2.278712432020830292e+00
1.871804014779111736e+00
8.727553557304031928e-01
2.667031171152821400e+00
3.369142642282524358e-01
2.254678652416811924e-01
-2.840583780148981052e+00
-1.377190329755114462e+00
-3.286358060170751827e+00
-1.652098983252751951e+00
-1.716997384353615430e-01
-8.252342426196953573e-01
2.469436085155473304e+00
2.452752009821847212e-02
-6.625208968190862358e+00
1.002761503669128862e+00
-7.808639609429413042e-01
5.075757143993269160e-01
3.399445293614975494e+00
-6.801490562107408433e-01
-9.320703780559134177e-01
-5.116020341431348761e-01
-5.667413614258464127e-01
4.194383314485921055e-01
1.566746348577251036e+00
3.894333514439830835e-02
-1.178294750083221709e+00
2.677447541949556697e+00
4.800839666662101157e-01
1.379215504389938785e+00
1.153666080924134141e+00
-2.248451005391986168e+00
1.120920936576185856e+00
-2.000697377537840604e-01
-1.706922541723541187e+00
-7.686001629081199438e-01
2.630545003009447935e-01
-2.838363103270677090e+00
1.340585471932774997e+00
-3.064556673764794681e+00
1.979623711736553660e-01
-1.769147357424880607e+00
1.285921818627223434e+00
-2.105922446134246506e+00
-1.321803519280513095e+00
6.073437829657623022e-01
-1.838080025142971863e+00
-1.957445589425247379e+00
3.098093095079745285e-01
6.507756037384591075e-01
-6.960202063175744414e-01
1.023335428420292015e+00
1.177360048412067206e+00
-9.701182823080991557e-01
5.728962197335353279e-01
3.258555485602285251e-01
1.552047391003307464e+00
1.891487686647271849e-01
3.184481741164700286e-01
-1.435510858272166956e+00
2.531470228379720799e-01
9.292147627403679611e-01
-2.122240940947166088e+00
3.119534412012381352e-01
-8.008492793423652722e-01
-2.880022209113509035e+00
-1.523870828536188382e+00
-1.284978032838129502e+00
4.641827834291398780e+00
-2.867239692886376645e-02
-4.254937480910104264e-01
-2.657305628359645233e+00
2.690388053333301333e-01
-4.593351119283127504e-02
2.366665567327921771e+00
9.361332728879629972e-01
2.557274996283252833e+00
1.108722313683137894e+00
8.655605338917697622e-02
1.431710345682242203e+00
-1.249217775794020241e-01
1.745641696081539296e+00
-1.469641173124146771e+00
6.038939509122445704e-03
1.062153364180825621e-01
-1.483770225621539318e-01
1.889985973504492989e-01
-1.835045439938309375e+00
2.630210360412978066e+00
1.280957434753934032e-01
2.206535379177508194e+00
-1.823898424574955213e+00
4.653571367239880963e-01
6.049984879563971019e-01
-5.798905076952691751e-01
-4.591056825088742910e-01
-5.528979815904426776e-01
3.930386438423155160e-01
1.397597735571043387e+00
-2.629462297289815620e+00
-7.590016792379680188e-01
7.099615005344874774e-01
-9.022168325702742964e-01
-6.108302312088000896e-01
3.777183428610857874e+00
-2.320538277123092907e+00
-1.347730813141922113e+00
1.480354840218390589e+00
1.994565360534603427e+00
1.528578760053174612e+00
2.017507262128567014e+00
9.993447860550813688e-01
-1.346251581252691620e+00
2.776366582590171772e-01
-7.427671298515868825e-01
1.755287045606703789e+00
1.574260470419307945e+00
-2.153459789025284898e-01
-7.351272296546823570e-01
3.512490652679274294e+00
-3.357005689523540504e+00
-2.146480564646946476e+00
-6.430642357988952673e-01
-1.063927017921852514e+00
-9.205050367951609358e-01
-4.950384928790595163e-02
-4.065143304235001032e-01
2.837706026417090577e+00
-1.106560494645470571e+00
-1.864011732716626124e+00
5.400064695290949679e+00
-6.480201017057161117e-01
-6.673081889312848514e-01
-2.678343453146669884e+00
5.536513993894438129e-02
2.576293088647862994e+00
-1.883790571763106270e+00
-3.510454247658148397e+00
-1.808128967339846183e+00
1.511706835808538374e+00
1.023647434362500164e+00
-1.407746502319668025e+00
-1.596635992288827355e-01
-9.887451075375890130e-02
-1.436794978132985623e+00
3.803465669401765226e+00
2.099036780509360156e+00
8.069037639434047948e-01
-2.268424174006414967e-02
-2.074872973925992792e+00
-1.421317839116817527e+00
3.857729764984058285e+00
2.121674182206353620e+00
-1.236807438874663184e-01
1.120174990367003964e+00
-2.331146972149273910e+00
-1.567687463925233171e+00
2.347782299184126842e+00
-2.494592691825923136e+00
-3.096524382181708113e+00
2.289926798016274745e+00
-5.576100155297161187e-01
2.308118203590857398e+00
-1.086318988597675672e-01
-1.495032937207813717e+00
-1.451262691290350126e+00
3.843529628347137628e-01
2.377378064628745680e+00
7.888826360314060704e-01
1.308244300689373141e+00
1.307057445291511133e+00
-4.986832924501627406e-01
2.346784574429842340e+00
-1.252261511984519959e+00
-4.350972912827189565e-01
-1.224660006913062205e+00
8.716655464853949598e-01
3.232977156609653235e+00
1.145583543591443654e+00
-4.688128831570581023e-01
3.769684105392941825e-02
9.545416812646234650e-01
-4.023413442964355324e-01
1.756310791261094684e+00
-3.757182190145447187e+00
-5.059066532468421418e-01
1.278175716928529049e+00
5.558474411551500571e-01
1.478462374250136158e+00
-5.364432491883738274e-01
1.019763728787227652e+00
1.308831370930530591e+00
-1.598659940518327272e+00
-7.679544405765100779e-01
6.312449905412380602e-01
-8.812623658129699056e-01
8.181457833007974023e-02
-2.771096776294627251e+00
2.697846124918034327e+00
-1.164949200630877257e+00
1.417676622978287782e-01
-4.242864417872163507e+00
-4.336917458008256787e+00
1.074046729196438399e+00
-7.578729200074126870e-01
-7.883887927160623255e-01
-8.581108186299564178e-01
1.285627904348749739e+00
-9.112792925792396748e-01
1.513215614779102713e+00
2.053185811151916340e+00
8.307844081678679160e-01
5.267355971115630364e-01
1.244874361087710435e+00
4.281682443631670942e+00
-7.447979204760437622e-01
1.956083612326935395e+00
-7.499364077620089830e-01
-2.228222700380833310e-01
6.780820478335819468e-01
