Best Solution: [-0.15995408 -0.04106655 -0.13660387 -0.83931042  0.51714914  0.63460949
 -0.7886719  -1.55747689  2.33223971  1.27303306 -0.21834896  1.33981314
 -0.67664418 -1.18255039 -0.36610997  5.71284868  0.75775559  0.9577965
  2.282208    0.88013372  1.86275814  0.52721387  0.71383603  1.90107963
 -0.22676751 -0.14212065 -1.1739481  -0.23039374  0.5374329  -1.04251432
 -1.14926306  0.67369875 -1.74081829  0.37243976 -1.59410649 -0.82008612
  2.27238511 -1.34958416  3.49517327  0.32019566 -0.88671553 -4.42661667
  2.73192849  1.01853006 -1.15279499  4.56089621  0.43900312 -0.15007925
  0.7421415   0.93761577  2.7143237  -0.82046454 -0.20279955 -0.60314847
  0.10412363  1.44751145 -1.08604136  2.01430597  0.7126068   1.11917254
 -0.19096116 -0.10585215  0.38088906  1.92738145 -0.49448948 -1.16226429
 -2.05375427  0.37807731  2.5562368  -1.72008892  4.59108016 -1.3104112
  0.31087376  0.19214321  0.33352716  6.35326584 -1.51562253  0.07498585
  1.16095517  0.09325266  0.53341707 -0.18183309 -0.73055128 -0.69330748
 -0.46733825 -2.7766888  -0.14130311  0.64967225  0.47963152  0.05038917
 -5.91101511 -3.04941227  0.92059228 -0.53412405 -1.42061676  0.58543958
  1.99842206 -0.30694438  3.12159795 -0.50071329 -0.43504219  2.53592039
 -0.87320447 -0.18294568  0.22970118  0.58680216  0.81992156 -1.54274308
 -0.44632074 -0.36704131 -5.41997612  0.3813621  -5.77176579 -0.44720304
 -0.45532108 -1.49466493  3.57389765  1.45548863  1.32511309 -2.14232293
 -0.55406016 -1.99309518  1.2656649   2.50392106 -0.13540283 -2.85594641
  2.23384315  0.20687114 -1.191654   -1.0236066   0.37348198  0.8854849
 -0.94168991 -2.34922807 -2.3545632   0.32815607 -0.88991602 -1.548
 -0.05741859 -0.10279634  0.28748899 -0.35558946  4.37706042  0.88388879
  2.00038744 -3.00976361 -1.1254451  -3.86450681 -0.62459792  0.70616295
  0.45100637  0.48876108  3.81052137 -0.86301654  0.13069948  0.31490805
  0.33702838 -1.00339874 -1.57504875 -0.21877665 -1.88409761  0.01960675
 -0.55784052  0.3292642   0.60307054  1.2741248  -1.14906922 -3.28499449
 -0.78356422  1.6911089   4.59667188 -0.03006907  3.55513572 -0.52562687
 -1.74247665 14.99200063  1.11914847  0.60633614 -4.08680654  3.59135204
 -2.25240165  1.1684298   1.4520667   2.56073338 -0.29463633  1.86660201
 -0.63610022 -0.83634767  0.25022264 -2.99053518  0.60462654  3.90360331
 -0.75323654  8.04493195 -0.1139958  -1.11590374  8.93644136 -0.71521996
 -1.56665833 -2.14325225 -1.05717521 -1.43470095  4.33174854 -0.2261394
  0.17556887  2.84513266  0.63432089 -0.16095507  1.73961572  0.22557713
  1.20953277  0.33564016  1.219036    1.72438864 -0.25377288 -0.27203751
 -3.77000787 -0.38275056 -1.85675776 -3.32315889  0.71982912 -0.71802918
  1.71282427  2.03935562 -0.10870954 -1.61853544 -0.4389917  -0.28090285
  1.2820085   0.507141   -2.70370196 -1.44892644 -0.80897842  1.09788157
  0.57633498 -2.48942376 -7.67984113  0.69804054  1.45150178  0.07845346
  0.115169    0.28572902  0.7850167   0.61677497 -0.13640038  0.80091151
 -0.54978062  3.54383014  0.68287192  0.17894985  1.37378163  0.45667681
  0.95920071 -0.9396766  -0.14713992  0.53728334  0.2417571   0.32969379
  0.29462028 -0.45686226  0.73290591  3.16631231  3.85879441  0.29542758
 -2.63848074]
Best Fitness: 59.376321
