Best Solution: [-3.67766120e+00  2.59440864e+00  6.24013896e+00  7.19947314e+00
  2.41636561e+00  4.30527518e+00  4.16206388e-01 -1.07248589e+01
 -5.28416184e+00  5.88785598e+00 -1.34997560e+00  6.17526846e+00
 -1.60286459e+00 -5.85446429e+00 -8.70568634e+00 -6.14896727e+00
 -1.66944581e+00 -1.33865079e+00  1.60837935e+00 -1.28455099e+01
 -2.22207202e+01 -3.12276952e+00 -1.29955560e-01  8.52721101e+00
  9.61275664e+00  3.71439231e+00  2.88091023e+00  1.75958846e+00
 -5.57346899e+00 -3.07635728e+00  4.36984235e-01  1.24900812e+00
  2.31974984e+00 -2.98141012e+00  9.89337562e-02  1.30375137e+00
  4.43349320e+00 -3.00568929e+00  2.23041937e-01  1.81757791e+00
  1.65702114e+00  1.07433616e+01 -2.65343617e+00 -6.37744955e+01
 -2.23128700e+00 -2.31199243e+00  2.04510543e+00 -3.27012893e+00
 -4.16557453e+00  2.89358167e+00  1.27710986e+00  4.34281666e+00
  2.19245130e+00  1.10036628e+01  1.48627758e-01  7.05165432e+00
 -2.42007334e+00  5.76223899e+00 -7.42533801e-01  1.19434621e+01
  2.10422339e+00  2.31897896e+00  2.58753493e+00 -7.46800386e+00
  3.15465878e-01  2.53690254e+00  6.66929439e-01 -3.03068211e+00
  4.82060266e+00 -3.09817941e+00  3.90314993e+00  3.45510454e-01
  5.38512224e+00  2.51968719e+00 -2.75931928e-01 -2.42994210e+00
  3.27113175e-01 -9.33251408e-01 -3.35416242e+00 -2.34644032e+00
 -1.49738937e-01  6.55559217e+00  1.01906842e+00 -4.57218850e-01
  5.91865245e-01  2.24117542e+00  4.45699298e+00 -9.98205317e-01
 -1.60067717e+00  1.52742210e+00  2.83936314e+00  2.06854016e+00
  2.33542859e+00 -3.09051347e+00  2.34797805e-01  6.69380424e+00
  1.63850630e+00 -3.46771997e+00  1.38349671e-01  7.94440669e-01
 -2.94453966e+00 -5.78867405e+00 -2.60828293e+00  5.45257004e+00
 -3.39508509e+00  7.26014310e+00  1.45913520e+01 -4.21335361e+00
 -4.12105763e-01 -3.93557598e-01  4.38200264e+01 -2.01147286e+00
  2.42603840e+00  1.51544905e+00 -2.28177353e+00  7.34941282e+00
  4.97134964e-01 -9.77713321e+01  3.87340758e+00  1.83231000e+00
 -3.84353559e+00  1.86825356e+01 -4.06686473e+00  2.13991560e+00
 -9.78745116e-01 -2.89243037e+00 -5.26048178e-01 -5.22531752e+00
  6.83405811e+00 -3.58133040e+00  1.66190051e+00 -5.97063702e-01
 -6.21551247e+00  2.50427485e+00 -1.58191909e+00  8.60583315e-01
 -1.68544375e+00  1.29431699e+00  1.31935737e+00 -4.05482748e-01
  2.10030522e+00 -7.86541795e+00  7.06900177e-01 -6.26435982e-01
  5.11137395e-01 -3.25092663e+00 -3.16040019e+00 -7.19594047e+00
  1.66702320e-01 -1.63825007e+00  2.87593332e+00  2.26129517e+00
 -5.45772349e+00  2.75543611e+00 -1.77129078e+00  1.55824845e+00
 -6.85975823e+00 -2.18257012e+00 -7.68332923e+00 -5.54243066e+00
 -2.10186655e+00 -2.23261699e+00  7.19722620e+00  4.24862115e+00
 -2.29024453e+00 -5.53849538e-01  7.32155749e-01  5.09417143e+00
 -3.51698665e+00  2.52758510e+00  1.38232520e+00 -3.07575426e+00
 -7.36331160e-01  3.23277367e+00  2.73293935e+00 -1.85193142e+00
  1.34121005e+00 -1.30896005e+00  3.41395153e+00 -4.37408124e+00
  7.14291790e-01  6.12547061e+00  2.37009102e+00  8.99340740e-01
 -1.84364835e+00  2.49989168e+00 -3.51030655e+00 -6.52304779e+00
  1.58696275e+00 -5.33471417e+00  4.56890843e+00  2.57086956e+00
 -6.44641397e-01  1.90969294e+00  6.91085017e-01 -1.22855266e+00
 -4.38115836e+00  1.13121428e+00  3.52048574e+00 -6.01982516e+00
  1.07614206e+00 -1.60539838e+00  3.97910268e-01  6.31311879e+00
 -2.18200649e+00 -3.27393489e+00 -2.40245638e-01  1.51759936e+01
  6.50217075e+00  1.62841749e+00  1.22366258e+00 -3.11913674e-01
  4.45855469e-02  3.76828442e+00 -1.45958895e+00  2.31955992e+00
 -2.36182887e+00  1.43076058e+01 -4.35766487e+00  4.06380015e+00
 -3.65432772e+00 -7.76839784e+00  2.40571780e+00  9.80886235e-01
  2.17851600e+00 -1.91511412e+00 -6.43308064e+00  6.55556319e+00
 -1.14583325e-01  4.73484622e-01  3.99008863e+00 -6.04101399e+00
 -1.43095099e+00  5.73120859e+00  2.75914020e+01  2.39001468e+00
 -1.59814435e+00  3.06762402e+00 -7.92777201e+00 -1.19224197e+01
 -3.53313034e+00 -9.45253605e+00  2.32826406e+00 -1.06269022e+00
  3.45708122e-01  9.89099074e-01  2.50325842e+00  3.29699822e+00
  4.72812105e+00 -1.01277799e+00 -2.84527946e+00 -6.87479796e-01
 -3.24999001e-01  1.38351388e+01 -8.51756409e-01  1.41322630e-01
 -1.33205390e-01 -4.84191001e+00  2.70961080e+00  1.17897643e+00
 -3.36561699e+00  1.30991063e+01  4.27149869e+00 -7.81333230e-01
  4.30066958e+00]
Best Fitness: 28.310192
