Best Solution: [-3.48169308e+00  5.70462697e-01  1.06973720e+01  7.64805587e+00
  2.01955499e+00  3.69016024e+00  8.45432310e-01 -1.07059208e+01
 -5.63584357e+00  5.93114554e+00 -1.57137286e+00  4.81985532e+00
 -1.09329404e+00 -5.73905306e+00 -7.81655093e+00 -6.04418431e+00
 -3.33251226e+00 -1.80339862e+00  1.77287882e+00 -1.29739022e+01
 -2.17754995e+01 -4.78219863e+00  3.56193577e-01  6.54233313e+00
  1.00673987e+01  5.09382301e+00  1.84289702e+00  8.45229819e-01
 -5.17893238e+00 -3.01535038e+00  9.44007923e-01  1.17775019e+00
  2.86377441e+00 -3.13457409e+00 -8.12523022e-02  8.19405027e-01
  3.65930076e+00 -3.97376183e+00 -4.16408206e-01  1.34867501e+00
  1.67534466e+00  1.18111360e+01 -1.90000540e+00 -6.17613321e+01
 -2.47920940e+00 -2.25339961e+00  1.05769469e+00 -3.07985389e+00
 -4.55497132e+00  3.13530559e+00 -1.27230728e+00  3.44146939e+00
  2.34372628e+00  1.12019004e+01  1.58746414e-01  7.85280860e+00
 -2.65195360e+00  9.90210758e-01  2.73668903e-02  1.21558629e+01
  2.27619556e+00  3.07081522e+00  1.67990898e+00 -6.31948719e+00
 -9.17775422e-01  4.03657486e+00  1.70735167e+00 -1.40241924e+00
  5.25040353e+00 -3.63146652e+00  4.48183222e+00  4.93377201e+00
  5.15686857e+00  2.57574769e+00  3.76764342e-03 -3.45698422e+00
 -4.99144756e-01 -2.71861493e-02 -3.05855853e+00 -2.43719754e+00
 -6.91241417e-01  6.31891805e+00  6.01712145e-01 -2.18833340e+00
  1.02661183e+00  3.20876740e+00  4.40142867e+00 -1.23836054e+00
 -1.50323613e+00  2.60866855e+00  2.69769527e+00  7.60956667e+00
  1.64205364e+00 -3.60754156e+00  5.51555595e-02  5.34816972e+00
  2.31760322e+00 -1.62759322e+00 -1.69113008e-01  1.21862403e+00
 -1.97371066e+00 -5.43679869e+00 -4.33463287e+00  5.65406542e+00
 -3.80260988e+00  6.66061005e+00  1.39517835e+01 -4.04307061e+00
 -1.83471814e+00 -5.14870018e-01  4.40981660e+01 -1.09572070e+00
  1.36612708e+00  1.06641597e+00 -2.57268976e+00  1.91965600e+00
  3.84867937e-01 -9.60371738e+01  4.06511530e+00  1.36668063e+00
 -3.56147865e+00  1.88519577e+01 -3.40945868e+00 -2.08944454e-01
 -1.14381551e-01 -2.95681750e+00 -1.99698489e+00 -5.20882419e+00
  5.75012721e+00 -2.11309151e+00  1.91686823e+00 -5.10050995e-01
 -5.62204448e+00  2.41799752e+00 -1.34479164e+00  1.29997658e+00
 -1.60223857e+00  1.24688121e+00  1.62225529e+00 -1.52687127e+00
  1.88628978e+00 -5.60154608e+00  3.21614936e-01 -3.59818012e-01
  4.44059399e-01 -1.16810324e+00 -6.21455955e+00 -6.07479674e+00
  3.82530809e-01 -1.43628727e+00  3.71336274e+00  5.05426138e+00
 -5.66166426e+00  2.40687822e+00 -1.70009899e+00  9.92730614e-01
 -6.60620230e+00 -2.38737934e+00 -7.38295913e+00 -5.46902653e+00
 -2.11317995e+00 -1.87717818e-01  7.30422238e+00  5.09804634e+00
 -2.25008497e+00  4.57089448e-02  4.62872318e-01  4.81020463e+00
 -4.23758834e+00  2.62505841e+00  2.58781165e+00 -3.29242178e+00
 -1.23335000e+00  3.15943852e+00  3.00412567e+00 -1.92489305e+00
  1.95317604e+00 -8.42791483e-01  2.98148498e+00 -5.19135527e+00
  9.69345827e-01  6.65107891e+00  1.56226662e+00  6.12285325e-01
 -2.36865769e+00  2.92158260e+00 -3.36916729e+00 -6.47998167e+00
  1.72246079e+00 -6.86001655e+00  6.30987859e+00  3.84232465e+00
 -5.22198604e-01  2.90478084e+00  9.76459111e-01 -1.70407871e+00
 -3.86228568e+00  1.62993544e+00  2.79595928e+00 -6.24905013e+00
  7.65333340e-01 -1.24824290e+00  1.63318175e-01  8.57360223e+00
 -1.41451891e+00 -4.30636116e+00 -8.16055328e-01  1.19980610e+01
  7.05984424e+00  5.25214402e-01  7.07557465e-01 -3.64755794e-01
  1.71791376e-01  3.60604208e+00 -1.35001048e+00  1.68914048e+00
 -2.97058024e+00  1.44507594e+01 -3.85178022e+00  3.40185742e+00
 -3.80459775e+00 -1.08018983e+01  1.94010320e+00  1.04749424e+00
  3.00263916e+00 -1.77967623e+00 -6.48020477e+00  6.85478718e+00
 -3.77126278e-02  2.82869786e-01  4.19162961e+00 -2.28341790e+00
 -1.13357294e+00  2.89266138e+00  2.76151453e+01  2.51621379e+00
 -1.47259766e+00  2.97833643e+00 -7.43797553e+00 -1.24641580e+01
 -4.68790343e+00 -9.32863697e+00  3.96600602e+00 -7.44933552e-01
  3.79882503e-01  1.07309818e+00  2.43784561e+00  2.42201925e+00
  4.28297136e+00 -1.44190429e+00 -2.65673122e+00 -2.14224220e+00
  2.92597969e-01  1.38209511e+01 -6.63122545e-01  1.34377266e+00
  5.72641108e-01 -4.12566370e+00  2.76827726e+00  1.71165367e+00
 -3.28298234e+00  1.36275937e+01  4.59930708e+00 -2.17220118e+00
  4.16495598e+00]
Best Fitness: 94.314321
