Best Solution: [ 1.09818603e-01 -2.81053891e+00  4.57392130e-02  1.90199693e-01
 -5.26088189e-01 -2.45134181e-01  1.23954103e+00 -7.63216642e-01
  9.59203772e-01  1.37877839e+00  1.26470926e+00  8.55470856e-01
 -1.67369195e+00 -1.21982307e-01 -6.94725451e-03 -4.55451796e-01
  1.54610316e-01  2.85396144e-01 -5.91332096e-02 -8.91019615e-01
 -3.07105299e+00 -2.06384203e+00 -1.12183068e-01 -6.44418859e+00
  1.05140321e+00  3.39700769e+00 -1.10683765e-02  1.71052531e-01
  6.79742160e-01 -2.97138084e-01  3.21127380e-01 -1.30358930e+00
  5.55975680e-01  5.09888057e-01 -6.06911006e-01 -9.59200664e-01
 -1.28607709e-01 -1.32118844e-01 -4.13653563e-01  1.65467209e+00
  1.09597771e+00  6.44428832e-01 -5.05646023e-01 -7.93907910e-01
  6.87535574e-01  1.94254077e-01 -2.84927916e-01 -4.00179826e-01
  4.80790251e-01 -5.66061536e-01  7.21037583e-01 -1.81671923e-01
  2.86393816e-01  7.68913920e-01  1.07620398e-01 -3.44448230e-01
 -1.00620078e+00 -3.41399781e-02  1.72784355e+00  5.50101234e-01
 -1.41684869e+00 -3.23630514e-02  1.19601368e+00  1.55359902e-01
 -1.32477798e+00  1.14365627e-01  4.91747676e-01 -5.30141790e-01
 -1.74461423e+00  4.19147040e-01 -3.70862306e-02 -6.67442326e-01
 -5.22703194e-01 -1.46089168e+00  1.55549461e-01 -1.57785217e+00
  2.44245997e+00  3.67189277e-02  3.38378589e-01 -2.05644782e-01
 -1.96522823e+00  1.89617311e+00  2.11296752e-01  1.36301598e+00
  2.53828986e-01 -2.15867999e-01  8.41293887e-01  4.53741518e-01
 -1.34160632e+00  9.66262898e-01 -1.91534393e+00 -2.03852028e-01
  9.21430106e-01 -3.15424694e-01  7.41363386e-01  2.11985911e+00
 -1.78360997e-01 -2.06729990e-01  4.82896622e-01 -1.18499746e-01
 -2.85380383e+00  6.08342554e-01  3.46024670e-01 -2.56804610e-01
  3.91622883e-01 -1.20172976e-01 -2.73424696e-01  2.48734111e+00
 -6.19899449e-01  1.14466325e-01 -3.08608159e-01 -2.46631142e+00
  1.31218810e-01  6.30091702e-01 -1.50593721e+00 -9.12891855e-01
 -2.75055891e-01 -9.15001948e-01  4.10371254e-01 -1.31263233e+00
 -3.19758215e-01  1.68024491e-01 -1.97371679e-01  8.60864789e-01
 -2.02136202e-01 -1.56212212e+00 -6.17627289e-01  4.46343192e-02
 -3.26670680e+00  2.54106295e-01 -6.20514965e-01 -1.38450746e+00
 -1.01951756e-01  2.09875157e-01  8.82465536e-01  1.61737460e-01
  1.51321540e-01  2.15463978e+00  1.32508583e-02 -1.22030795e+00
  4.31549762e-01 -3.28791519e-01 -8.70515252e-01  4.95680924e-01
  8.10476568e-01  1.31578497e-01  1.26842936e+00  5.65860545e-02
 -1.07159240e+00 -1.37193122e-01  1.71703515e-01  4.92057761e-01
 -7.44181833e-01  6.32410828e-01  7.12769437e-01  4.09933144e-01
 -4.76048124e-01  7.05804556e-01  6.32589128e-01 -1.57155249e-02
 -4.79795677e-01 -6.02990315e-01 -8.90260823e-01  1.46273518e+00
  2.40401173e+00 -1.31688112e+00  2.62609526e-01 -1.23159996e+00
  1.59629004e-01 -1.47953013e+00  3.27371855e-01 -5.81131297e+00
  1.07664719e+00  5.21270500e-01 -8.21762972e-01  2.28684844e-01
  3.29298899e-04  9.24568428e-01  7.81395289e-02 -1.04974164e-01
 -2.52697538e-01 -3.90766039e-01 -9.66761716e-01 -1.50556237e+00
 -5.31672867e-02 -7.99511361e-01  2.95140405e-01  1.37805449e-01
  2.70898109e-02 -1.15002342e-01  7.40765063e-01  3.56328146e-01
  2.41150447e+00 -1.12283099e-01 -9.26799764e-02  9.29927764e-02
 -9.29835812e-01  9.22622983e-02  2.07673034e-01 -1.70873763e+00
 -1.62337095e-01  5.48474837e-02  3.20398109e-01  1.00758021e+00
  8.04721724e-01  8.54180911e-01  5.87193017e-01 -2.04694442e+00
 -2.10395790e-01  2.28432356e+00 -1.83087325e+00 -7.05164813e-01
  2.17144438e+00 -2.49893680e-01  1.93065152e-02 -6.26187626e-01
  2.13869219e+00 -6.71585116e-01 -4.71778057e-01 -2.77527518e-01
 -9.25666597e-01 -1.20127347e+00 -1.08549771e+00 -9.48763243e-02
  1.35067517e+00 -5.53744283e-01  3.90262875e-01 -2.69277911e-01
 -1.09939021e-01 -3.95954118e-01 -1.06873874e+00  1.65773858e-01
  7.88084350e-02 -5.35392077e-01  5.26964615e-01 -5.60376499e+00
 -2.00808116e-01  4.67415530e-01  4.24116350e-01  9.82992233e-01
 -9.31495736e-01 -8.67211822e-01  2.00698413e-01  8.14030049e-01
 -2.35477651e-02 -4.18084757e-01 -4.53625528e-01  5.01309555e-01
  4.74739304e-01 -3.41990208e-01 -1.18328346e-01 -7.55792375e-01
 -9.14633243e-01 -1.23148510e-01 -2.32458594e-02 -2.25304306e-01
  6.64906905e-01  2.42832191e-01  4.87048847e-01 -3.68408979e+00
  3.66267366e-01 -5.09478180e-01  7.08166811e-02  3.61586568e-01
 -2.17372109e-01]
Best Fitness: 60.254672
