Best Solution: [-4.78364363e+00  1.17603612e+00 -1.95708087e+01  1.11120027e+01
  4.35304931e+01  1.32097983e+01 -6.07586398e-01  9.80776089e+00
  2.97004417e-01 -2.03186312e+01  2.99031204e+00  3.30917559e+01
 -1.24652978e+00 -6.69569749e+00 -5.52300277e+00 -1.22240670e+00
  5.07578512e+00 -1.88621752e-01 -4.50224394e+00 -8.46048309e+00
 -1.24389971e+01 -9.43385415e-01 -7.28137189e+00  1.46600122e+01
  5.02260351e+00  4.77788976e-01  9.51875739e+01 -5.09150538e+00
  8.59335711e+00 -7.84232432e-01 -2.38957129e+01  6.12252505e+00
  1.31061571e+00 -3.61596484e+00 -1.11068294e+01  9.91244522e-01
  8.47558296e+00 -1.54154192e+00  7.62177168e+01 -2.17163135e+00
  2.15175404e+01  2.67416544e+00  5.89598539e+00 -7.17500873e+00
 -2.75775753e+00  6.81370049e+00  3.08353506e+01  3.68709894e+00
 -1.70005113e+00 -3.22523858e+00 -8.97467286e+01  1.23998084e+01
 -5.31234197e+00  3.49786117e+00  7.38087743e-01 -1.64929780e+00
  1.31968787e+00  1.50337414e+00  2.83450228e+00 -1.98150109e+00
  4.88403540e+00  1.06577031e+01 -7.31559511e+00 -4.20772919e+00
 -4.89765682e+00 -7.95486990e-01 -2.91860590e+01 -1.33582310e+01
  2.32133363e+00  8.19948996e+00 -4.95049503e+00 -1.21936193e+01
 -1.61835672e+01 -1.11929247e+00 -7.62790838e+00  8.09127712e+00
  1.20487866e+00  3.39292531e-01  4.16128680e+00 -5.32062914e+00
  3.10789147e+02  2.39325313e+00 -6.05587926e+00 -1.58696129e+00
 -1.03760770e+02  6.10949529e-01  3.85155938e+00 -1.36191479e+00
  7.97602319e-01 -5.79797833e+00  5.94650360e+00  4.00747086e+01
 -1.50823191e+00  1.44451410e+00 -1.26444372e+01 -6.27243034e+00
  6.75493595e+00  1.12954911e+01  6.33591203e-01 -3.49387716e+00
  7.16652501e+00 -3.79461486e+01  9.75028392e-02  4.47686965e+00
 -8.92885092e-01 -2.35521333e+00  8.11819173e+00  2.30953633e-01
 -6.53268125e+00 -7.79229374e+00  8.47536288e-01  1.96725840e+01
  4.51041064e+00 -6.06741768e+00  7.19204156e+00 -1.65686387e+01
  3.62816597e+00  1.03050636e+01  8.34720859e+00  4.42513479e+00
 -1.01557429e+00  3.51725201e+01 -1.22576988e+02  8.07011958e-01
  3.24667541e+00  6.19421024e+01  5.50191340e+00  2.70131288e-01
 -7.29299952e+01  1.77068223e+01  3.16036176e+01  4.41971043e+00
  6.35544324e-01 -3.58937682e+00 -7.38726953e-01  4.10307702e-01
 -5.30623475e+00 -1.16174726e+01 -2.98350591e+00  4.35391863e-01
  5.44935144e+00 -7.25324275e+01 -8.12613304e+00 -4.57582432e+00
 -1.06597538e+00 -7.22736604e-01 -3.27566303e+00  2.82081201e+00
 -1.97974443e+01  4.15580567e+00  7.88875368e+00 -2.88413900e+00
 -3.80041271e+00 -2.03678440e+00 -1.68736121e+00  2.17431441e+00
  2.80009918e+00 -3.20934613e+01  1.00849213e+01 -1.94307449e+01
  9.69673659e+00  1.74749519e+00 -7.68781476e-01  1.99947782e+00
  3.30540131e+00  6.69489726e+00  4.09516059e+01  2.51977874e+00
  4.95240087e+00  3.61675230e+00 -2.39749432e+00  7.68121464e+00
  8.92970191e+00  4.60236458e+00  1.13641266e+00  4.50842413e-01
 -4.58741700e+00 -6.04180555e+00  4.79635361e+01  1.78457715e+00
 -1.61371644e+01  3.80048376e-01 -2.17719587e+01 -1.05174555e+00
 -3.49666142e+00  1.84558973e+00 -2.00014076e+01 -4.26331039e+01
  1.47860143e+00  6.82410092e-02 -1.51592651e+01 -3.05854369e+00
  1.43389650e+01 -5.16291480e+00  1.02217539e+01 -8.49358807e-01
  1.51358617e+01  4.52699898e+00  6.10601659e+00  1.48441197e+01
 -4.01884515e+00  9.70797891e+00 -7.50437006e+00 -1.72920857e+00
  6.98940399e-01 -1.91172592e+00  2.27839557e+01  3.83093027e+01
  3.45262293e+00  7.21745991e+00 -1.25509584e+00  3.29317978e+00
  4.94785857e+00  2.62014868e+01  2.74270381e-01 -6.58529051e+00
 -3.16433497e+01  1.53002053e+01 -3.45847284e+00  4.58906161e+00
  4.48631109e+00  1.46253669e+01  7.67363623e+00 -8.29524343e-01
 -9.28340048e-01 -1.90403094e+01  1.80905276e+01  1.90054902e+01
 -4.13959060e+00  9.31793426e+00 -1.19680595e+01 -1.40621750e+01
  8.99295549e-01 -7.30672594e-01 -1.16545289e+01  2.95679847e+01
 -6.81886382e+00  3.24372150e+00  1.10032981e+00  9.76309733e-01
 -4.60482633e+01  1.42123550e+00 -6.80057215e+00 -7.36848865e+00
  3.13932685e+00 -2.21213778e+00 -5.48057575e+00 -1.89083418e+01
  5.36621930e+00 -2.45610555e-01 -1.92072045e+01 -1.18615927e+01
 -6.28925857e+00  9.32937566e+00 -7.88425921e-03  5.38778717e+00
 -1.55211818e+00  4.45893939e+01  4.15491435e+00 -1.37849547e+00
 -1.65456333e+01 -2.90104293e+00  3.99872759e+00 -1.64744772e+00
  9.96060523e-01]
Best Fitness: 45.968841
