Best Solution: [-2.18500588e+00 -4.06139338e+00 -3.96146403e+00  1.19392368e+01
 -5.72274146e-01 -9.35623845e+00 -6.13046319e-01  8.28282936e+00
  4.60752291e+00  6.05768468e+01  2.21949473e+00  9.04496333e+01
  1.76544694e+01 -9.15714561e+00 -8.93519501e-01  1.38645758e+00
  5.99015006e+00  4.56166319e+00  2.54763386e-01 -1.43101498e+01
 -1.21090694e+01  4.81327278e-01 -4.04949699e+00  1.03362222e+01
  6.66848898e+00 -3.21331686e+00 -1.61467853e+01  1.77303738e+00
  1.03746561e+01 -1.15771258e+00 -2.39399200e+01  5.43783142e+00
  1.75502744e+00 -4.68234299e+00 -1.12555793e+01  1.05905081e-01
  5.76354161e+00 -1.82250276e+00 -3.70195079e+01 -1.37529818e+00
  1.59261708e+01 -2.64396684e+00 -2.99674925e+00 -4.44688377e+00
 -1.69726254e+00  5.89663475e+00  4.16782392e+01  9.16726511e+00
  3.93981794e-01 -2.01402721e+00  1.17305132e-01  3.22046471e+01
 -9.63557600e+00  2.15634248e+00  1.11246447e+01  3.26854977e-02
  2.64695194e+00  3.78388372e+00 -2.85853210e+00 -5.93761460e+00
  8.83265291e+00  1.42829693e+01 -7.41487519e+00 -3.85562039e+00
 -5.24621631e+00 -4.20914123e+00 -9.39886149e-01 -2.43193798e+00
  1.36836364e+01  2.60833983e+00 -5.90417992e-01 -1.34258579e+01
 -1.18538878e+01 -1.67600620e+00 -1.26721035e+00  4.24617595e+00
  1.35903030e+00  3.03358119e+00  3.53545830e+00 -6.08826654e+00
  1.03987060e+03  7.45308498e+00 -1.39898663e+00 -2.34408754e+00
 -2.93754212e+00 -1.32552146e+01 -6.06060406e+00 -7.49460255e-01
  1.21631153e+00 -4.92447040e+00  4.51793844e+00  3.71021375e+01
 -9.10595854e+00  2.89017084e+00 -1.80267480e+01 -7.37050791e+00
  3.26776278e+00 -2.55096267e+01 -5.64909640e+00  4.12440081e+00
  8.15910884e+00  1.78771130e+02 -3.84646573e+00  2.59186765e+00
 -3.79402839e+00 -5.69031641e+00  3.13088619e+00 -7.15350191e+00
 -1.21731731e+01  4.82944162e+00 -2.81580011e+00  3.20862776e+01
  3.26239210e-01 -6.49154035e+00  2.43258631e+01 -1.13326491e+01
  3.64164712e+00  7.24572396e+00  1.36739927e+01  6.13106342e+00
 -2.88343175e+00  1.35769017e+01 -7.33860081e+01  1.61279562e+00
  1.98870302e+00  5.77414956e+01  1.36140283e+01 -6.27306032e-01
 -1.20003439e+01  8.38103181e-01  2.26611785e+01  2.37204484e+00
  1.02556312e+00 -2.69842764e+00 -1.77334396e+00 -1.50155338e+00
  7.77275404e+00 -7.39489654e+00  6.12412596e-01  1.74103773e+00
  2.10169426e+00 -2.68254775e+01 -9.71118432e+00 -3.81162979e+00
 -8.13880268e-01 -7.74375801e-01 -5.60981430e+00 -1.56264813e+00
 -1.32452707e+01 -3.15583075e+00 -2.06504813e+00 -3.51389667e-01
 -4.32537021e+00 -8.30142305e-01 -1.70797201e+00  5.35526864e+00
  1.81491889e+00 -1.67141822e+01  2.31977708e+00 -2.83034711e+01
  6.55638775e+00 -6.25699295e+00 -6.57654689e-01  5.99811774e-01
 -5.35507764e-01  1.77930830e+00  4.41245594e+01  3.25198147e+00
  2.47923707e+00  1.01958294e+01 -4.22885688e+00  1.05215736e+01
  1.86017014e+00  7.04431458e+00  2.23189645e+00 -1.76215171e-01
  1.61336733e+01  9.61361933e-03  2.57556945e+01 -1.25715315e+01
 -1.85465744e+02  8.72687124e-01 -2.23383735e+01 -2.34243023e+00
  3.49731108e-01 -8.03800370e-01  2.46188801e+00 -4.61664514e+01
  1.36091637e+00 -6.01556758e-01  6.84863383e+00 -2.28073297e+00
  9.39629581e+00 -5.01121148e+00  9.06106268e+00  4.46396845e+00
  3.83230487e+01  2.24882509e-01  3.82420425e+00  1.40933709e+01
 -8.36312612e+00  9.88302745e+00  2.56083186e+00 -2.52660367e+00
  3.19775394e+00 -9.17277594e+00  2.52019757e+01  4.15330077e+01
 -1.96660750e+00  8.03088571e+00  9.67913926e+00  9.04518242e+00
  4.35582156e+00  3.02615362e+01  1.38435469e+00 -7.26189996e-01
 -2.31520700e+01  6.90354840e+00 -4.96716987e-01  2.86625040e+00
  2.94167067e+00 -6.40605875e+00  5.06492344e+00  4.02175495e+00
 -2.03914277e+00 -1.14667590e+01  2.78551564e+01  9.96149842e+00
 -5.36014330e-01  6.73112436e+00 -1.23744756e+01 -1.85611576e+01
  3.14865258e+00 -2.78751826e+00 -1.01497341e+01  1.03837553e+00
 -1.98229494e+01 -1.74948783e+00 -2.46680199e+00  7.96189778e-01
 -3.20590249e+01 -1.62252094e+00 -1.06676707e+01 -3.16867019e+00
  4.71083518e+00 -2.27799255e+00 -4.49023751e+00 -5.81399015e+00
  3.30858941e+00 -2.68158947e-01 -2.06769493e+01 -1.51333802e+01
 -5.06358346e+00  1.19281125e+01  5.06114963e-01  3.76752764e-01
 -3.49010737e+00  3.80521867e+01  8.46360189e+00 -5.03789762e-01
 -1.69307148e+01 -4.72648294e+00  2.57166796e+00  6.40113986e-01
 -7.94840214e-01]
Best Fitness: 94.238777
