-3.128941385592622915e-01
-4.052847881258974660e-01
2.031891676056445939e-01
1.670922315091671218e+00
-4.072220721529630216e-01
-2.209699586592242526e-01
1.017351880168393841e+00
1.411809887284452669e+00
2.494790607607076105e-01
1.254630762847841696e+00
-8.950332727530996291e-01
4.998823569555895574e+00
-7.704416598441141684e-01
2.351208827758370479e+00
2.257474655789669882e+00
-6.821651011523610642e-02
-1.476345814705974924e-01
8.846968260400676076e-01
1.499346333481791582e+00
2.998911175078736058e+00
2.544117823952730673e-01
-5.666745565235267179e-01
1.743898203052028917e+00
1.056073857917178449e+00
8.227167671383542880e-01
-7.681399168086547324e-02
-2.860843651557469780e+00
2.177277586437323664e-01
1.011380067741690425e+00
-1.434160899522019861e+00
5.313311197144117148e-01
-2.265337249606650394e-01
-4.747999049805283756e-01
5.155822285635063007e-02
-9.803456479791983202e-02
-2.052906336329486603e+00
6.626352191096169797e-01
-1.433498342935012326e-01
-3.691640516553283735e+00
4.049452479341795752e-01
4.001884828077257317e-01
1.399042782234504623e+00
9.963172967024332971e-01
-7.005985288977893966e-01
1.764714247262671787e+00
-1.533994006633829232e-01
8.189383056859540488e-01
-4.123033767307296316e+00
2.662738644006928723e+00
1.323477982074765968e+00
1.172859352899619623e+00
-1.089421353133647186e-01
-2.582936746077715839e-01
-2.572296481099774823e+00
6.091360579387454788e-01
-6.468126660626494218e-01
-1.620655613739983458e+00
1.251494465993606420e-01
1.532313829740830080e+00
4.600595769666411816e-01
-3.289119029347137957e+00
-7.858035050178505676e-01
6.710032161538063145e-01
-8.276525214020674648e-01
-1.143957036987977016e+00
-2.215310536587152601e+00
-7.281872092300001320e-01
-3.658810894924688917e-01
1.017605359937629350e+00
4.439125977621198871e+00
-1.311437520873898477e-01
1.053669960179755227e+00
-1.058414721660227098e+00
-1.753696585356885995e+00
9.218331861300166352e-02
2.049606777620495701e-01
-1.329884317745209099e+00
1.402624862455774668e+00
-1.048706486711200370e+00
1.459594628529003790e+00
-3.801842490945579911e+00
-2.078219584464283898e+00
-2.430714597540096999e+00
-1.355306017034904942e+00
9.738813583230172544e-01
7.818713523624170048e-01
-2.037052554373230961e+00
-2.730549728133148779e+00
2.608491257273607200e+00
1.612048230856194531e+00
1.679366797749575202e+00
-2.705691666571463649e-01
4.104536866174653964e-01
-2.197824593651992453e-01
5.257148149355090894e+00
8.864412956086648032e-02
-8.748930954262961190e-01
2.924400569977532172e-01
2.068301556720332890e+00
1.475682734553356523e+00
1.296858421218186397e+00
-5.743731844786985619e-01
-1.985369253946292378e+00
4.047375601413755186e-01
7.453437007633518796e-01
-1.146125880911852413e+00
2.059776243845721222e+00
-4.399751629616357462e-01
4.011269301092945661e+00
1.668220358012954430e+00
-6.242889148450637693e-01
-4.007672855046076066e+00
-9.397781893024179656e-01
1.303370497369993553e+00
-1.920665299763941958e+00
-8.021606139879466912e-01
2.841502669799236269e-01
-9.079868275575866399e-01
7.438899201078634782e-01
2.727370416766856653e+00
1.806321195727504048e+00
9.370086197896855262e-01
4.756976868058557795e-01
-9.948755125587207537e-01
5.209199110266606869e-01
1.963890704048931291e+00
1.320267475509246391e-01
-6.158797398842299486e-01
-1.046615328555696500e+00
-1.930293638799530420e+00
4.511908393495210889e-01
3.377815778670274049e+00
1.833625918205002536e+00
-2.083019777677196926e-01
-5.607423987801979370e-02
2.388207866660236434e+00
1.291550962413255066e+00
-4.332411877447478465e-01
1.685733544878381007e+00
1.494650227392415154e+00
1.051617037988263448e+00
7.027350517712274147e-01
4.567344746227321450e-01
1.427454860118668734e+00
-3.290218973967780070e-01
1.642323881320746803e+00
-8.239718536632575363e-01
6.557792904866304173e-01
2.771699368379957895e-01
1.358194722259227438e+00
2.129892024645909654e+00
2.043077287993729563e+00
-6.506158315732464281e-01
1.337648351331026442e+00
-5.660223239655667316e-01
4.035196256426102912e-01
-1.657231199716594938e+00
-1.164996795107228200e+00
1.390176994202494853e+00
1.595088721264549481e+00
5.431742951899880545e-01
-3.260399616664254596e-01
2.961837900964095827e+00
-3.758100114189306118e-01
1.755661774229344108e+00
1.625294695835206804e+00
4.484553864764153630e-01
2.699251606744327292e-01
-2.725099202047159164e+00
3.122296564016287523e-01
-3.170048091597589268e-01
1.341511174744461243e+00
8.376123668425943247e-01
-1.531533420936191714e+00
-2.111150296302295892e+00
2.116137799045074264e+00
1.804473642810669798e+00
-1.259565603464866790e+00
4.044174917813405101e-01
-1.525670779869034543e+00
-3.939020567017728069e-01
3.399562334510501938e+00
3.053164486840476588e+00
3.552596561768196493e-01
9.284780527660687621e-01
4.760164120846395175e-01
-2.450869440553755219e+00
-3.244901824921421429e+00
1.363752013097823124e+00
-9.757127276940097405e-02
2.312461616776898321e+00
1.297856033223491856e+00
1.374825706704806416e+00
2.342488500957416453e-01
2.644286229653851628e+00
-7.869129539709504018e-01
-2.248580489560537021e+00
1.009611430280294986e+00
3.670401472695271838e+00
-1.197096580011559164e+00
1.816093182212657364e+00
-5.112486202468435881e-01
3.273249926603371662e+00
6.197345805888643255e-01
-6.060068131680673709e-01
-8.990473082479693012e-01
-1.117791443981194233e+00
-1.069437602215687289e+00
-4.396493615433013091e-01
-1.230373887328050309e+00
-1.247217992242041884e+00
-1.088155636136664828e-01
-8.190299780634360260e-01
-6.141984061005889561e-01
1.121191709225045408e+00
-1.543001224941580762e+00
3.901800711232612962e+00
2.614793108584787085e+00
-3.507180997861430449e-01
-1.552179476463835917e+00
4.330060737090157819e-01
-4.953869198914929717e-01
-3.666546922540268039e-01
8.927040207749749046e-01
3.170533232683238611e-01
-1.164999864004331531e+00
-3.813138255835298862e-01
8.248391827005726595e-01
-1.431339851087833903e+00
-5.748895326976618536e-01
1.783818022467823949e+00
9.461421575445283505e-01
-2.134225991099097275e+00
-1.922764644473412110e+00
-1.632090625502933934e+00
-6.767745185181598400e-01
1.752592952835712925e+00
9.656399636450194723e-01
1.093442131682268448e+00
-1.425677281401061869e+00
-6.975412415585526826e-01
-2.981077337625172685e+00
4.576418293892013378e-01
1.209144286558716086e+00
-1.003891581591297433e+00
2.965712007741881928e-01
-2.797298221629485049e-01
-2.123995018344250418e+00
1.022578687489259064e+00
9.062792247677911028e-01
5.054762658609497361e-01
-1.204276154397449172e+00
6.213245429207849835e-01
4.628274500965378624e-01
1.538620377427971198e+00
-3.449838706150845646e-01
1.131085885552830961e+00
-1.491011784779411320e+00
-1.365215116237193937e+00
-2.245334939326302237e-01
9.226170367475008405e-01
2.213373887215606572e+00
-4.533662185804481215e-01
1.735309925317455759e+00
1.755038148747954108e-01
