3.138257152114875548e-01
-4.001531375310355410e-01
1.718710340786167245e+00
1.387803552663929629e+00
3.036173434913549407e-01
1.409459785668763399e+00
5.244391490106806719e-01
-8.066218386447586708e-01
-1.542205346954881318e+00
-1.614790031481285748e+00
6.253828702638286607e-01
-3.153975976225879552e-01
-4.006940109648556847e-01
-9.248084742789679513e-01
5.894170786085859426e-01
6.026785613836344035e-01
6.019225211943414477e-02
-9.605321982222987387e-01
3.685499428975960723e-01
3.475728733485266009e-01
-1.844413758057231734e-01
-2.356616246194047193e+00
1.274495917877930262e+00
-3.731848329780344531e-01
-2.161974438626268480e+00
-6.825039382937387877e-01
-1.336622985977273581e+00
9.432606464701938087e-01
-5.284653576696990429e-01
6.528293342886445916e-02
-1.423563585891343797e+00
-2.047686015960919481e-01
4.194324172179659804e+00
-5.622970271243112883e-01
-2.203190559103919366e+00
-4.168761139489922107e-01
1.470565978695243803e-01
8.357237322887898223e-01
-2.132563936845777164e-02
1.364434679591280508e+00
1.492683011292880169e+00
1.779824850628153987e+00
2.903640404211201287e-01
8.767457195573780115e-02
-2.656373799551731363e+00
1.065090123288588542e+00
3.034078685034628631e+00
1.441883380436793649e+00
-6.072176481804537618e-01
7.301297391087604449e-01
1.445407236088401604e+00
2.582112729731637912e-02
-1.623156923141811037e+00
7.884339990158740763e-01
-1.869134745656364505e+00
2.547458851267908608e-01
-1.925044246891189470e+00
-1.208720136502536402e+00
5.220695419132143078e-01
-2.293062282811892394e-01
-5.103997080960125388e-01
-2.640913506260007093e+00
2.520518964286057706e+00
1.027524898502060413e+00
1.920004345296579595e+00
-2.279340751696428580e+00
-2.135779393155718520e+00
-1.015567101937648209e+00
8.445595442663701435e-01
-1.450975040883833778e+00
2.863465329832334816e-02
7.869442036882113856e-01
9.010805478065482266e-01
2.502895164625483559e+00
-1.399074320585570463e-01
-6.754483560757891247e-01
1.433100875338627178e+00
-6.834767126202037080e-01
8.855664169189466639e-01
2.602860653269691849e-01
5.375495451142423553e-01
-1.336912132457483526e+00
2.529655590668747234e+00
9.965274673741665312e-01
7.049521167713929115e-02
3.412161900242606238e-01
-9.285122258606206547e-01
5.297435677036267165e+00
-5.962593231179567077e-01
4.495402058154999714e-01
-1.058485047917125943e+00
7.557946939148401100e-01
6.644846457483961633e-01
3.080423218617286185e+00
1.836982743198581070e-01
-3.292953943231837211e-01
1.239596989362299895e-01
4.249338705141231465e+00
3.596593076252433407e-01
2.416011086946593112e-01
1.485194104315971320e+00
3.014556334389467684e-01
4.887132210787528130e-01
3.869305338490665047e-01
2.388258679612986768e+00
-2.354084090674327001e+00
5.935501596158151427e-01
-6.175459354374158993e-02
3.717815673588363290e-01
1.186281640936333315e-01
9.214526907787468080e-01
-2.421053984296876127e+00
-1.964970272083268021e+00
5.190517016769697900e-01
1.505926274930383224e+00
-2.063788593205937438e+00
7.786015418545727540e-02
2.860609272395726599e+00
6.063391799132755722e-01
1.050242390263248726e+00
2.886593888226103299e-01
2.355796259023593131e-01
1.538576147728829779e+00
6.377753687816675732e-02
-5.528127058568028662e-01
1.830135620340787694e+00
-3.140208002471394977e+00
6.784091340697737671e-01
-2.168461193213748750e-01
1.889196035825776221e+00
7.186590652770306065e-01
4.984425794139568100e-01
8.313881344440615662e-02
2.749754243365327977e-03
-6.515813588265324530e-01
-1.305934087240025576e+00
-1.517326028525439963e+00
-3.239034681709276331e+00
1.080804700123670914e+00
-1.387615295258433523e+00
7.144975414354974574e-02
1.492680845076634899e+00
-1.330256972136115157e-01
-1.349477789877663758e+00
-1.483963385560383319e+00
-1.647417232111758612e+00
-3.634772420032354123e+00
-6.830894993902860701e-01
1.409833026900385811e+00
1.346449448493447942e+00
-1.348849266089517662e-01
-1.841021847542826939e-01
-1.831502203001965368e-01
-7.307561826401214322e-01
7.527275421523990095e-01
1.067144176246810794e+00
-1.760313701288680477e-01
2.045854906072095414e+00
7.414111354661035991e-01
1.205628634251745712e+00
7.349586023418465119e-01
1.790631127496735475e+00
6.712778513810739867e-01
-2.764009830769892151e+00
-1.390861857459813056e+00
4.541375494136580260e-01
-2.877049118737106670e-01
-4.911733624465768333e-01
1.056683131178506735e-01
-3.370193445279883182e+00
-2.550153534976894454e-01
-1.519427742922053071e+00
-5.316447097266474575e-01
1.075466928325552685e+00
1.051094480880205850e+00
1.122179422343016375e+00
1.639944794419225249e-01
2.520128731677366840e+00
1.464454632067975881e+00
-2.450707021734741975e+00
-2.674746196797555875e+00
9.713129627682198786e-03
3.926396231913422685e-01
-1.279960495904901130e+00
5.005479523208576920e-01
4.108101317853661838e-01
4.831550607610499704e-01
1.392982320267854568e-01
1.291493128648056210e+00
1.418810428165303117e+00
-1.786058089190820652e+00
-1.708087734266653834e+00
-2.057896124076409983e+00
-2.196341387922823962e+00
-1.473138968523553638e+00
7.626603291782743099e-01
1.346903468594725428e+00
-7.419003950396156899e-01
8.469006022347457252e-01
-2.553328732310389260e-01
2.273276610007859411e+00
6.232227526851230603e-01
-6.523087964221413459e-01
2.679402968677491170e-01
-1.316466512517348475e+00
-1.191285577851240118e+00
8.955291158105116445e-01
2.286786648638944097e+00
-2.988004405527554752e+00
2.978124304096991803e-01
-3.963647899722597678e-01
3.457606681341405253e+00
1.385636792400811057e+00
2.608048988325531337e+00
1.714959459604849190e+00
1.123751492574211891e-01
-1.617221521930208628e+00
-1.171056709073654833e-01
4.600645196793196057e-01
1.181813750993950141e+00
-1.000583640453697409e+00
-3.054194964876819185e+00
1.950339015087732664e+00
1.106830835942264057e+00
8.759644385464527838e-01
-1.031617798503715155e+00
1.324866593757738631e+00
-1.098547678051138066e+00
1.532723004875736983e+00
1.272637094409766467e+00
-1.839309521550109849e+00
-2.171183506297393595e-01
2.024457956477503373e+00
1.329402722045143759e-01
-3.171678808023722151e+00
-7.898009907763181570e-01
-2.891105828228822117e-01
6.087383382906016438e-01
-2.955229213912665132e-01
-1.027664855703793734e+00
7.324944734812866010e-01
-8.564673574626450181e-01
-5.954205223051041163e-01
5.880084061688032326e-01
3.954169853305680160e-01
6.961252319889528195e-01
-3.676489058255224540e-01
-1.715200604306891918e+00
1.858192599788116350e+00
-5.426132491915105494e-01
-2.803195624605678393e+00
-1.539870008741640039e-01
9.473738746005134770e-01
8.870192487272758886e-01
-9.120959187802628598e-01
-1.186693400405468141e-01
-3.595835146314609432e+00
1.109822314527824760e+00
1.374932598372128334e-01
-1.342217168613806910e+00
-2.888863592959637128e+00
-4.721189855570620542e-02
3.043975313349614464e-02
7.959627220846896556e-01
-5.469361478725123238e-01
