2.971544875607496472e+00
-1.600759449987245064e+00
-2.395208806116550626e+00
1.790932754956516826e+00
7.356725879056710271e-01
-9.117188688066431013e-01
4.250241916510232865e-01
-5.635497583263818777e-01
-5.585468494092366010e-02
-7.592825892227508255e-01
6.948369802377957205e-01
2.118216781197553189e+00
5.807547264386057062e-01
-7.542619352088845153e-01
-3.082668602206076192e-02
-7.063540994376549254e-01
-3.189363659147353980e-01
-2.890733665542831954e+00
-6.973502711607170168e-01
1.173686164338136884e+00
-2.727626861611929243e-01
-2.444622721858551007e+00
-2.466664573068051425e-01
7.506015581724666541e-01
-9.389037767951058377e-02
2.802195871292654239e-01
-9.893533504006388757e-01
-4.318970622973327678e-01
-7.034080249722002298e-01
4.044753863685182971e+00
-2.268537156558271262e-01
-5.519357767587437236e-01
-8.198774880936263720e-01
1.422420904807060849e+00
7.105014440986143764e-01
5.563257146544808157e-02
-8.450142894797855186e-01
3.009924939699460733e+00
-3.232016605789971297e-01
7.717076690020808760e-01
3.213084241333873381e-01
6.584846265938172627e-02
8.156550321401631054e-01
-1.021271001453606830e+00
6.399218490319791286e-01
8.804327135154499384e-01
1.067072668301461524e+00
3.963377804642365665e-01
-1.113276313334271350e+00
-4.730415835874410835e-01
-1.909777524185395814e+00
-3.557425978998898231e-01
-5.763194339994104354e-01
-1.984942489551786204e+00
1.041634491043075483e+00
-6.331915819135348622e-01
-1.008345009403430748e+00
-8.046296874815737077e-01
-1.226442954790087247e+00
-2.639628606448754522e-02
-2.531043584477520314e-01
-1.719663206766328001e+00
-4.917520313683124700e-01
-1.271093873596013668e-01
-5.195703709956950300e-02
-2.267250119285192378e-01
4.590990430558328228e-01
-2.151041227326868921e-01
-1.869340011184685180e+00
2.322781652916039719e-01
-1.104467068052696233e+00
-1.485889156732658201e-01
2.206394205435156408e+00
-1.153928891837655124e+00
7.238423320835583041e-01
1.174795227755444649e-01
1.096539000768078087e-01
6.156043743665591261e-01
2.349050366671895373e-02
4.643125380959997051e-01
-1.825409315062118454e+00
-7.584550293186018699e-01
-4.213473376664034764e-01
-8.450711897120083416e-02
5.667336945058606412e-01
1.461972042304590991e+00
-9.903826932237262959e-01
-1.380869144293184636e+00
4.462865260715083160e-01
7.273348142268691585e-02
-2.219673982202408524e+00
3.138670884081529722e-01
-5.474100682970071130e-01
8.419459828113456945e-01
1.640080613112240959e+00
4.191567704347144707e-02
-2.212650584769470186e+00
1.619810038859109902e+00
4.237639833424378111e-01
6.749017070469649771e-02
-8.298025349362161407e-01
3.412325655277690939e-01
-3.293884388038559319e-01
-4.512758850981291592e-01
7.349526578260344722e-01
-8.935409688106954462e-01
-7.976567725918599638e-01
-3.220641892849926968e-01
4.670122100354199834e-01
3.599757223069476875e-01
-3.042791906211186781e+00
-6.405023111131888935e-01
9.475839899086245799e-01
-2.155484965662374797e-01
-1.154264220894589910e+00
-3.378748584290465484e-02
1.594329733100419144e+00
-3.312107944551831995e-01
-1.833817241031586276e+00
-3.216312059784053878e-01
2.158907797617833690e+00
-4.382052260570880597e-01
-1.461346039064833402e+00
8.567316596041115728e-01
4.203141344413969804e-01
3.512703299189905148e-02
4.184326067258618664e+00
8.921409111161663352e-01
6.483487762093577134e-01
-1.824978072803248863e-01
8.864971226411185734e-01
1.006645476452680876e+00
-6.737199333133678802e-01
5.208282239830718252e-01
5.048909279263690264e-01
-1.235635173341141257e+00
9.889874912292045961e-01
7.950992220497463681e-01
5.192258126444088129e-01
-3.606168474750312658e+00
9.130927489920488416e-01
-3.285714180186979361e-01
-4.096888793843115328e-01
-5.319495245846398435e-01
8.467090472368999921e-01
3.351563884147410022e+00
5.797499479598782202e-01
-1.676854205639899620e+00
1.305687874335602627e+00
-1.112281111798123057e+00
2.101413689890865300e-01
1.139954813651153476e+00
9.714814711196526620e-01
-2.444590917525489848e-01
1.519206637057365583e+00
-6.817301067343110033e-01
-2.173707125864745571e+00
-1.064238148093546443e-01
-1.118606581278257739e+00
1.396879525134589572e+00
2.377707334620585145e-02
-5.519223639185001362e-01
4.889004339075935235e-01
7.089340981016607479e-01
1.482200266977989900e+00
8.735142709870935551e-01
1.412236431782323054e+00
8.194526743663722579e-01
-2.321977592793625700e+00
-8.772445753874243968e-01
2.105517939425914253e+00
1.545973638673014516e+00
-7.488083564874471465e-01
1.780862541135511401e-01
8.812895157342275354e-01
1.650037708322785179e-02
1.094891156096900797e+00
-8.355509454187727281e-01
-6.058404820673760627e-01
5.070620948687762031e+00
-3.346551566800091138e-01
-7.480591854606710722e-01
-1.396307991745544319e+00
7.402888478844191766e-01
3.519657465094332416e-01
-1.513684616921389114e+00
5.416849629303119862e-01
2.614652225664639285e-01
-3.779711868763335758e-01
-4.582331590504798990e-01
2.920568552628568515e-01
-2.626627828011520172e-01
4.027685131196444002e-01
2.791378507792829922e-01
1.399851537944742041e+00
-1.154121216140675948e-01
9.103355869658785737e-02
-8.765355168704982991e-02
-2.574452799155791949e-01
1.495151558687221938e+00
4.195160974612643368e-01
-1.537682050860282645e+00
-4.914670158121021704e-01
-1.418072127940284588e+00
-3.496639111279086221e-01
-7.025417833114414590e-01
5.540216928875065783e-01
-2.919115358261421544e-01
-6.667918007483459863e-01
-3.247811631899539364e+00
6.048383121746452318e-01
2.904971398304255492e-02
6.666610116339659609e-01
-3.623386639145668303e-02
-4.683068060536467736e-01
1.458706242137505660e+00
1.246907030687209872e+00
1.409847748984686122e+00
9.455873879071006183e-01
-1.016525502125471325e+00
2.132150938886482106e+00
-3.903066608993476239e-01
9.542555945324245892e-01
-5.148967361456702196e-01
-1.615405433909689936e+00
-1.487490618739801373e+00
1.349561734234969945e+00
-1.315598722536330811e+00
2.417961163228993238e-02
-1.412866150282332312e+00
-5.705694741968695416e-01
1.332956133296794521e+00
-8.073165060767952816e-01
6.229479045672594584e-01
7.411938167991053428e-01
1.758245419038919344e-01
2.213508055579485323e-01
9.444412803393320566e-01
2.138629342321707039e-01
-1.079086145790457002e-01
-1.180496430216103482e-01
-8.874986133240553299e-01
3.548693157375467644e-01
-9.935532266460345152e-01
-1.758342202378842867e+00
-1.601565789979281673e+00
6.390725590409777890e-02
1.760242137717958621e-01
1.270709105308010178e+00
-1.310995855480956651e+00
-1.107721691522165486e+00
-6.150588749122150034e-01
-1.740437418220643462e+00
3.314156140118187377e-01
-9.647092053617345453e-01
1.714406796079164241e+00
1.409276048800663705e+00
-1.084844845088391990e-01
1.161401191539436217e+00
-9.631569091806346794e-01
-2.216990095774202807e-01
-1.542731116959988436e+00
-4.047310183021470831e-01
-1.099845528092659563e+00
1.002165325497301085e+00
