-1.977982698858482546e-02
-1.901209911041587652e+00
1.105453373732358857e+00
1.870325794534013930e+00
9.907380547247119917e-01
-2.078978217981266030e-01
-1.892545921601724856e+00
-2.025242625587870382e+00
-1.557352169469849112e+00
1.266595165478174412e+00
8.053661022103482114e-01
4.135438872812550182e-01
2.946749039614594334e+00
1.756776990836222518e+00
9.442794843531541193e-01
-4.945094485269164175e-01
7.001087011679149041e-01
-4.066050767356578777e-01
-1.171183623324113521e+00
-7.833310617731081837e-01
8.439986935512718835e-01
2.801671313947083242e+00
8.899785167608892378e-01
6.171794359685807141e-01
-7.493218043813871798e-01
-4.547863095133108935e-02
1.792919104845500211e+00
9.983756403700525528e-01
1.106129011456877365e+00
6.258104278483923588e-01
4.844286657739020341e-01
-9.034371628254092013e-01
-4.960933959009675709e-01
1.486684936621819331e+00
1.936152152544394323e+00
-7.210875587224785388e-01
-3.019896807560317864e+00
3.144110008757457830e+00
4.187428510823791861e-01
2.652274655833375405e-02
1.232584058553856665e-01
-6.951857807032296721e-01
3.465805980809261166e-01
-1.419461647639588264e+00
-2.071707515012941592e+00
-6.084643616453317971e-01
7.160893989260890269e-01
1.577503143553591336e+00
-9.306233541488689864e-02
1.022667026990025763e+00
-1.430476205428282688e+00
2.195037603115996383e+00
3.230327085003825149e-01
-3.112002871249877067e-01
1.692923510767507134e+00
-1.569065443898407519e+00
6.455821816047979667e-02
-6.830053938285725046e-01
-5.547028099510300514e-01
-2.147640687913908941e+00
-1.550327297074535426e+00
4.990048681801979025e-01
-5.501150756051662594e-01
-3.914756124849945729e-01
2.723424962673631766e-02
-7.985238203908607835e-01
-2.832813864714708307e-01
-1.934941497171508207e+00
4.564865317430269465e-01
-9.870585357787762248e-01
1.410943532524189803e-01
-3.517922720111884560e-01
2.472784437429369930e+00
8.683873384727447409e-01
-1.131605101068844377e+00
-3.161564934775317859e+00
-2.031287622336482190e+00
-1.218873869562424161e+00
3.602607234224506350e+00
7.671436105967928132e-01
2.852047564453008555e-01
1.423267881128105206e+00
1.421054007865237168e+00
3.565521964478959305e-01
2.876177225621666889e+00
-4.581093460248492732e+00
4.420713286690995392e-01
4.976574393638967808e-01
-3.964981336097495729e-02
1.393370689216353986e+00
-7.899222976002540086e-01
1.637845234636972958e+00
1.036076778164674916e+00
2.359355451481593757e+00
1.815980319631608220e+00
1.420673450346342293e+00
-4.846246943453931255e-01
-1.284746268021557780e+00
4.035568976592212032e-01
4.655287722539711126e+00
6.387537856186922269e-01
-4.272122668844120952e+00
-8.296912414858741425e-01
-3.512479039077366361e-01
3.639560387118652596e+00
2.023536325945117120e+00
3.944885062052217339e+00
9.178693294436424122e-01
1.099096736256666373e+00
8.772957072689959723e-01
-1.296353838449296969e+00
5.456339288854595848e-01
1.977840910681280651e+00
1.164695141388559563e+00
-1.734285543842404298e-01
3.040631796753621607e+00
-3.073638316078675103e+00
-1.224242001466235019e-01
3.199331576329154991e+00
-1.327649737499145388e+00
-1.356855369845663795e+00
-2.146385771689716115e-01
3.511225544068088955e-01
-7.748355154393055111e-01
-1.079485183809876653e-01
1.597842385988307301e+00
-7.034151344336234679e-01
-2.983658102991278316e+00
3.331225190783654311e-01
-3.388558719735868530e-01
-7.651508054133688841e-01
6.527350905736567510e-01
5.540102690682664477e-01
2.720084868128475275e+00
1.322825530411362971e+00
1.479620777030498102e+00
-3.083826261630259857e+00
-1.165392750525827470e+00
4.469074027127195592e-02
-1.909497201251413534e+00
-2.726059487210605869e-01
-4.346745157746799704e-01
-3.416851716410168605e-01
2.002436820382058169e+00
5.847240565044584115e-02
-1.700888221270538958e+00
9.258585836595540908e-01
-1.363018715924537938e+00
4.119463713308473274e+00
1.648676120160829095e+00
-1.888369796903236031e+00
1.315578207606317607e+00
-2.020604546805558233e+00
6.530116839127045880e-01
8.170574289620230468e-03
2.179732552808592294e-01
6.394761587264947700e-01
1.738713730622803766e+00
-1.103120541794871512e+00
-1.360305505455472908e+00
-7.748539052859373388e-01
8.781121253901496004e-01
-5.505368615575909064e-02
7.201257969541030590e-01
-2.470483382583155141e+00
2.549336965758270956e-01
-3.948259053734978763e-01
-2.275917060838605455e+00
1.745343916066233403e+00
5.059913889548469657e-01
5.147021476284133756e-01
-2.246219611271652372e+00
2.403429738340689958e+00
6.857288203335744348e-02
-9.492769851413187521e-01
1.546755605004885292e-01
3.281303629567599023e-01
-1.480739248919411000e-01
-2.636481350572199567e-01
-2.513394743983828672e+00
9.633879046094998011e-02
2.424913100902476248e+00
-1.415166433982640859e+00
1.620847522429823773e+00
-6.140768014088319182e-01
-6.017033496547967708e-01
3.533286055579448748e-01
-2.344015400269392480e-01
3.736872062134193317e-01
3.156936862186197512e+00
-6.615740591532417447e-01
-3.628630117117466636e+00
-1.707162636129906375e+00
2.275285576034062895e-01
1.756802234608236812e-01
2.343958627397103034e-01
-7.302442161051106995e-01
3.642659079180420312e-01
2.218228084146943502e+00
-1.440876524949238346e-01
9.963743037614893883e-01
1.095247543839669824e+00
-4.237581585886400215e-01
-7.438588041040037346e-01
-2.618188231557414092e+00
1.832958529277728399e+00
1.489980416930271057e+00
1.412634162780321390e+00
-6.605509555448358938e-01
-1.250662027468738557e-01
7.363002220201555481e-01
-8.164083211410083640e-01
3.792707488240086855e-01
3.394039892497301425e-01
7.369350327761055031e-01
-7.161315732206696705e-01
1.440091377774088466e+00
2.235396101856070405e+00
1.259162879957306025e+00
-7.269538678606397575e-01
-4.599830930654764671e+00
1.688037565517364502e+00
1.644931606121749379e+00
2.527616599420390298e-01
-7.353408807409957948e-01
-4.552358607654412581e-01
2.208311195884308797e-01
3.549899993212222604e+00
9.862807231173812417e-01
-2.030233033710312274e+00
1.446639423131728996e+00
3.551670059738818441e-01
1.846404267982238556e+00
3.917681708812245089e-01
-8.157864171838206946e-02
8.221241893366002529e-01
1.300161076672986304e+00
1.186329298741432892e+00
-4.353923782327181469e-01
-8.224784747942190943e-01
-1.925391824134210950e+00
2.652073978473619142e+00
1.905721914865550426e+00
3.755750370366888191e+00
-1.054433565391393879e+00
-7.233212678013078989e-01
-1.247531872176410150e+00
2.283412603489267667e+00
1.273352937652901140e+00
7.983720958965579984e-01
4.812306306428161817e-01
-2.358222604810305434e+00
1.650860865100858721e+00
-1.578191569621745671e+00
-5.891579291405923957e-01
4.817331501417915218e-03
6.054226217336654975e-02
1.983961111885619299e+00
8.469095351475556255e-01
6.442240594584236479e-01
4.601199840007694220e-01
-2.089756060194919440e-02
2.852382964304381319e-01
-8.721744333731022980e-01
-6.233673572421525311e-01
