1.679448789281470678e+00
-6.145846646438788419e-01
5.758489594539134560e-01
2.490585312416010721e-01
6.945414224448089868e-01
-1.676328973844906756e+00
6.202976039489678683e+00
-4.039471644512339088e-01
-1.552205944899055279e+00
-1.526948863415783286e+00
3.507559431681753992e+00
1.214579381308151129e+00
-6.725918085780842048e+00
1.622830171837835511e+00
-3.221397358741854289e-01
-1.406117134958333459e+00
1.049518863356004861e+00
5.740523248849503934e-01
-1.674799506402865068e-01
2.419201838395458604e-02
4.440715123197732650e-01
-1.487296135138937103e+00
7.605039669779783962e-01
-3.647879389137360651e-01
-1.092999833241984131e+00
-5.268868632835688182e-01
1.167913106171718729e+00
3.842550450135991280e+00
-1.351516023072317774e+00
2.580474370022224573e+00
2.572652700643777157e-01
-1.447228498568411625e+00
-2.135045490732117912e+00
1.794660518557464224e+00
3.386901937229776394e+00
-8.345294095742336049e-01
-8.834685296191842063e-01
4.040909042207597501e+00
4.138766720771832053e-01
2.507243966223151599e-01
-2.213326295758184514e-01
2.094018176320380675e+00
5.237056341238485735e-02
-8.289185566517857096e-01
-4.756583298977448693e-01
5.986927682310738685e-02
1.301429390124330343e+00
7.836168584190946751e-01
-3.334936495436304216e-01
-5.730724495889234493e-01
1.189839917491160692e+00
-2.549579694165353683e+00
-3.981827580898658625e-01
1.341994830583813192e+00
1.311861535292932146e+00
-1.860362412880463667e+00
-8.304952508728599136e-01
2.157787470724847445e+00
1.506867902043885765e+00
7.099834297415082984e-01
-2.079252166831336179e+00
-2.296132603633826985e+00
-8.578500856746208436e-01
4.286858331292482838e+00
-4.880425228963264361e-01
-2.008297063839021401e+00
7.690444224734982459e-01
8.364479016432790903e-02
1.231880452992818675e+00
3.863254319114599600e-01
8.299691252277360265e-01
2.646176152160242268e-01
-2.560425980141028734e+00
3.515686016137673064e+00
1.913488005245321255e-01
-5.559027707808839036e-01
-1.527774853836292523e+00
1.856926860166605353e+00
-1.453103663950751079e+00
-1.615789341459195061e-02
-1.608076425288717415e+00
-3.278155055407478091e+00
-4.448155198998067217e-01
4.916735384962007682e-01
1.244516733680572251e+00
-1.330621000405000087e+00
-2.813689432205275232e+00
-1.105664150033602189e+00
-2.156260822211166495e-01
-2.327548924935659777e-03
-1.257427483132155466e+00
6.177610176019501242e-01
-1.270245879514238230e-01
-1.265912502885877755e+00
8.914073318043430616e-01
2.090975919512964687e+00
-2.182964230980504461e-01
-2.203208744727431778e+00
-2.130852354621784739e-01
1.778168394384079365e+00
-5.342696723559392513e-02
1.244518009003480419e+00
-1.041075909603798921e+00
4.850464115730676040e-01
-2.552865824374728199e+00
3.745553402446240021e+00
8.225036283171376361e-01
7.031464970088442401e-01
6.760795500763403965e+00
2.174027499572683375e+00
-3.623952842270542485e-01
5.726955063593808237e-01
1.243545048417749876e-01
3.988508649270411932e-01
1.731108121037290504e+00
4.581030938824456555e+00
-3.811514802901052601e-01
-2.249227313046301635e+00
1.674407426782774433e+00
-3.595339197196942838e-01
5.634464296922738757e-01
-2.870432232279227058e+00
3.087956820435485028e+00
3.339163036263777862e+00
-8.651439235462357047e-01
-7.742069713119683616e-01
1.930447939787776956e+00
5.460989783337237835e-01
-4.198260521660847067e-01
-2.577504732788970188e+00
-1.251772689429433649e+00
-2.361968734423921523e-01
3.308705386773871826e+00
-1.790588692311254615e+00
-1.110334222992658715e+00
4.940888881219974160e-01
-6.790394349716711853e-01
-1.033214446598363923e+00
5.978950916728258402e-01
5.485056362569984412e-01
1.107691086459166918e+00
3.562239156753537195e+00
1.846378273286498395e+00
5.851386616240256133e-01
-1.530599786050113043e+00
-2.382338963069456028e+00
1.780821680122356643e+00
-4.840705265705724236e-01
4.890165930306308306e-01
-1.218427469847710221e+00
-1.429225587474376002e+00
-3.063635677361180143e+00
6.315013718076769589e-01
-5.848038838132221251e-01
2.247311330105780769e+00
5.400061735492682480e-02
2.703867042350754701e+00
-6.398365417511523212e+00
4.658355500875621114e-01
1.694374782908437238e+00
-4.517585826052731290e-01
-1.586452452236732036e+00
-7.448536071752027699e-01
1.503436290971794431e+00
-9.683446812870833975e-01
-2.615999921085511382e+00
2.327586566090505293e+00
-1.898788010063256593e+00
-3.647771689268667905e-01
4.472254432228045529e-01
2.571826948187155293e-01
9.293729612088276193e-01
2.886954370890425503e-01
-2.436407459337250614e-01
-3.110093014024712499e+00
3.293605594665591774e+00
1.177116141252436909e+00
2.932402483534034321e+00
7.807438801488845170e-01
4.707750866747704155e-01
2.287474996614927925e+00
-2.792778255863697656e-01
-7.323731672250897162e-01
-2.767092674021216947e+00
-3.735845808150443648e-01
-7.123491082738614422e-02
1.268998441101597097e+00
6.572503890568098806e-01
8.945126938927924209e-01
-4.386042820962063327e-01
-6.418909912710075716e+00
1.240163357501663510e+00
1.600304574009551839e+00
-3.215948247137193072e-01
-2.793709787599550909e-01
-5.660936091749704246e-01
1.587497882518747350e+00
-1.736424209359015869e+00
2.340110619976054629e+00
-3.462895194049439573e-02
-5.177391575954343877e-02
-7.637189582874959193e-01
-2.972609878387765914e+00
2.646893131679712852e+00
1.884511308646557026e+00
1.198010030296968287e+00
9.499378860833203042e-01
-8.415223557264216170e-02
-2.492580294833773191e+00
8.247898713792817249e-01
1.141367005489977993e-01
-1.626515628470115438e+00
-1.805954122847473364e+00
-1.106490804339114176e+00
1.018758607437582731e+00
1.353466507581637002e+00
-3.262885302620203820e+00
2.751293264871497724e-01
-1.740655636911665471e-01
-1.402119262931935673e+00
-6.393975288186637407e-01
1.412212168284211256e+00
7.471394449355200917e-01
1.224292200900824357e+00
-7.158185366576065578e-02
4.224350723386138817e-02
-9.382779756552607486e-02
2.048790555489436560e+00
-3.168207359623437941e-03
-5.049552758616973946e+00
4.978080027181146505e-01
8.532519566605242245e-01
-3.180658911808730060e+00
1.365634243215194887e+00
-2.474985452818575293e+00
9.833194372704153752e-01
-1.240320890937405551e-01
2.407067573090595047e+00
1.193183358509566361e+00
1.268570927654860903e+00
6.285409783029083375e-01
-1.349542201512998307e+00
3.774232179784065444e+00
-1.896812377788197612e-01
5.929359112409939847e-01
7.741078131732721523e-01
1.772943310316640986e+00
2.329676905093339023e+00
2.665394521806881745e+00
-1.473529428323847812e+00
-7.185697500955788852e-01
1.170117845675727075e+00
2.156261446561736239e+00
1.820863404936105656e+00
-7.390842696134533041e-01
-4.821961342672225648e+00
-1.090125149953629524e+00
6.679042780828475800e-01
4.590770358020725417e-01
9.771830626104568429e-01
-7.299971766039276000e-02
7.735884232828654783e-01
4.190607708134297837e+00
1.355351815771722368e+00
1.841700100728983491e+00
