-1.352517145967926604e+00
1.777353099922988067e+00
1.310088377236229507e+00
-1.216400342677770308e+00
-5.131333980234989989e-01
-1.773170830677415211e+00
3.782355194419662947e+00
3.208150405861436294e-01
-1.634879162676885267e+00
-6.229865866161687915e-01
-2.055709319055253892e-01
-8.083979610928028192e-01
1.088654379951903062e+00
-7.696315658712713503e-01
-3.368647640511396091e+00
1.639276997647478806e+00
-2.053643340919419913e+00
3.218886479377236487e-01
-1.439681901135516195e+00
-6.440405747815988180e-01
-8.230483102712375043e+00
4.201132795999368286e-02
4.917177092707099573e-01
-2.490360915418684762e+00
1.020798663583117660e+00
-2.789286387334810047e-01
1.915863015043030915e+00
2.278600521185705219e+00
-4.591815292711737828e-01
9.538952644109297552e-01
2.469168117617735192e-01
-7.734295858384705458e-01
2.290451849569103207e-03
1.088418879674092787e+00
-1.200214477150858550e-01
-1.435797262281681697e-01
-6.581970480482004504e-01
-3.773151740971489310e-02
7.317996635815400275e-01
1.252154947063622181e+00
1.664603263999785421e+00
2.261950177052549193e+00
1.630874945799205111e+00
-7.101386733589962752e-01
3.007484107720524713e-03
4.516637610437087558e-01
-6.969733523998645763e-01
7.906693986674599994e-01
-2.664638423556092484e+00
4.231398837333508745e-01
-2.129743616723192901e+00
2.871335602420110433e+00
-1.954367498623810429e+00
-2.785677022342299969e-01
8.195532313782625256e-01
-3.226946905053011960e+00
2.272605235968425674e+00
1.304281973460826860e+00
-3.603934209772433062e-01
-2.918588740864465625e-01
2.175526151896737925e+00
2.532528689272185995e-01
-2.340921955923819908e+00
4.924135463497034126e-01
-6.608528237128298288e-01
1.075711496933022260e-01
9.754569260833969579e-01
3.286877978267952471e-01
1.820953725172997029e+00
5.013937961377749053e-01
3.213259839957020025e-01
5.374339970461130545e-01
2.413791550026896271e+00
3.289682502780015838e-01
-3.054978293947901991e-01
9.972056470092078850e-01
-1.221507206524741651e+00
1.046048257925743075e+00
7.265063617112580419e-01
7.766083668443113375e-01
-2.280795652429065346e+00
-9.512929178433126021e-01
-1.499541150380767185e+00
-4.929134097597482334e-01
1.535633320365314136e-01
1.521570858502259593e+00
-2.421303529457995429e-01
-1.836702648206761657e-04
1.868600245935071180e-01
-2.474212336068397911e-01
2.186138198746733763e-01
-1.971301348069309511e-01
-2.674981372562451609e-01
-1.153302229354665531e+00
1.741144594136631252e+00
-8.786777957963565200e-01
1.545264543029440718e+00
-1.404730403881729206e+00
-4.186372483267676303e-01
2.424926285142864124e+00
1.326123527519964762e+00
-7.540271633205491986e-01
-3.587185739669652151e-01
1.039199018699044519e+00
-5.073509903471200566e-01
-8.503733760824081500e-01
-1.757446181898434823e+00
-5.308325649678549141e-01
-4.088689078485949202e-01
-5.793602737957725957e-01
1.614332229991760403e+00
-8.939529742965437453e-01
-2.056059897044680285e-01
1.445777427968603535e+00
-3.438786806389175332e+00
-5.051170702760239273e-01
1.129935679656317582e+00
-5.020241612317408175e-02
-5.889348244396239718e-01
3.340731791988040822e-01
1.359000979107509943e+00
4.249108080687055145e-01
-2.884045378140725369e+00
-3.525562096045316007e+00
1.719810939953337003e+00
-2.946475425531128733e-01
-1.390635371730874814e+00
-1.077879083921065018e+00
-6.100112610139116764e-01
-1.244424626599958672e-01
4.556591002733609980e-02
-8.277268616140662782e-01
2.252030673991881393e+00
1.593842041237826801e-01
1.377681401883814605e+00
-2.370905371946323004e-01
-3.543891699481611646e-01
1.496683202834617088e+00
5.536686579676122211e-01
1.041573951688113731e+00
-1.059725333128139768e+00
-2.818828305890491159e-01
4.683413547459894244e-01
7.103595485869838022e-01
8.539169777845108111e-01
3.600040576005312243e-01
-1.466041392186261672e-01
-1.195256612766836923e+00
-1.114014510595723040e-01
2.569661743693764655e-01
-1.569707200128992008e+00
3.627741312216034575e-01
-7.265557887751479260e-01
-7.572764686611586915e-02
1.300680967254636555e-01
3.595897429226512454e+00
-1.067651795311909568e+00
2.606516723604569430e-01
8.744851277618155283e-01
4.480544092942895795e-01
3.889813613752035604e-01
-9.623684643383987325e-01
1.353669216802498632e+00
-1.835605599268805010e-01
-3.412563179175391870e-01
4.785987130937783829e-01
1.913788715370176252e+00
1.234634074069707599e-01
1.574501236437355900e-01
-1.075568984554172935e+00
-2.297580635651216008e-01
4.990611143869110866e-01
-1.103892500878382421e+00
6.002324835620670429e-01
7.713210463575481679e-01
-3.028364399064432666e-01
-2.733982127645740334e+00
9.372538961804517399e-01
-9.703851002764028733e-02
3.330145592473113814e-01
-2.867680875207252456e-01
-1.931519688941973345e-01
-1.875329773385561172e+00
1.283134519259088391e+00
-6.706283232445452436e-01
-3.505217304868281092e-01
-7.537535894106174306e-01
-1.383327847118726917e+00
1.053615883043933277e+00
3.355708648914679793e-01
1.200088250123294786e+00
6.423432170179422807e-01
1.689673693008398203e+00
-1.348548482106977087e-01
-1.439209778284169960e+00
-1.306706357640279759e+00
4.243561822784790161e-02
-1.705225197706927043e+00
4.693453545721157028e+00
1.655752025654612936e-01
1.072127182720974403e-01
1.374092497826944870e+00
-1.114298572894420358e+00
5.513265880961086829e-01
1.035229863469353973e+00
1.954807523882390763e+00
1.021598432846104076e+00
9.521148687053215820e-01
5.494076538788164044e-01
-1.022428041257112064e+00
2.516965198605840115e+00
9.240231935568289368e-01
-1.872099789570585426e-01
1.066780818614195603e+00
4.750575423650316709e-01
1.290859289309353342e+00
-2.676382786826603244e-02
3.088003005280763325e-01
4.897398787953583521e-01
5.001685667323430007e-01
-7.429022020425254391e-01
-4.771114023510908408e-01
2.546449075958718389e+00
-2.835698611702481275e-01
2.447921701290261542e-01
-6.178881021529808448e-01
-2.522962424065841036e-01
1.823477000925002978e+00
-1.106706167212798131e-02
-6.591437864164810811e-01
1.252036180382620323e+00
-1.519378679975046109e-01
5.153647221904582576e-01
-6.529248817432258267e-01
-1.191541155113354566e+00
2.194380332389983312e+00
1.108843491369037176e-01
-3.190631340476264288e-01
5.880229079649796908e-01
-5.019449237398854180e-01
2.063641353148003288e-01
7.458351304264747572e-01
1.209443199363808397e+00
-4.417007300384235835e-01
1.689879571684576032e+00
3.848149829269461586e-01
4.775414052793358621e+00
-1.104613116267899597e+00
1.718251762509594549e+00
-1.006710918021708201e+00
-5.430870671437111330e-01
-4.172979789268503881e-01
-9.644590411881398540e-01
9.998239815407462538e-01
-1.766697236940821369e+00
-1.527972285196388835e+00
-1.592293040358387257e+00
1.329506853111463993e+00
1.104939253435072710e-01
-5.103540879135265440e-02
-2.224551881318624247e+00
7.369179439118639374e-01
-1.929321834674052827e+00
1.726216431866766099e-01
-1.124180074311463384e+00
