Best Solution: [ 0.89884706  0.03755498  0.26050093 -0.1392857   1.56684391  0.48316304
  1.73855151 -1.71784887  2.00411005  0.91241527 -1.01190281  0.35780069
  0.94414509 -0.32046898 -0.83416859 -1.6988291  -0.29583813 -0.62665556
  0.54525466 -0.24535085 -0.51558566  0.16112876  1.57770954  0.49531701
  0.17314212 -1.64003532 -2.83888906  0.59768812 -2.15926552  0.92627501
 -0.97836533 -0.54778148  1.77383453 -0.44614022  3.24542323  0.09606992
 -2.40607864 -0.49936121  0.17105113  2.85109881 -0.64007671 -0.1724223
 -0.39920168  0.39930365 -0.28257427  1.58489574 -0.81830385  0.24295272
  1.11724958 -1.68981731  1.22976491  0.77940191  1.83149984 -0.81412994
  0.57288989 -0.25018955  2.86358359 -1.37898753 -0.56571973 -2.03263118
  2.02292379 -0.09138101 -0.75029188 -1.36309207 -0.37772437  0.19612215
  0.92956933 -1.87332897  0.7613354  -0.66182463  0.92659118 -0.35636365
 -0.20376445 -0.93931108 -0.37595742 -1.12516589  2.49312866  2.14871216
 -0.64780786  0.44847457  2.02735712 -0.37351411 -0.81651401  1.49410826
 -1.64594429  0.79002684  0.94039786 -1.10713751 -0.13711186  1.9215534
  1.64314843  0.19263942  0.07810634  1.01331206 -1.1283471  -1.01024795
 -1.82844678 -1.27838615 -0.58170238 -0.61188723  1.04679798 -2.16313639
 -1.16611742  1.12417803 -1.34871181  0.92795758  0.11635609  0.59383056
 -0.47058762  3.12376661 -3.59040485  0.44055805  1.03285702 -0.89647579
  1.19745855 -1.49704699  0.04322372  1.49736347 -0.18702299 -0.14390726
  1.17465451  1.14700974  2.54401103 -0.07605005  1.04928861 -0.55266809
  0.40142793 -1.37111503  1.36331026  0.95957528 -0.72860239 -1.86255391
  0.79735646 -0.36386245  1.63813346  0.18530585 -1.46818807 -0.72172224
  1.49990755 -0.70715931  1.08247528 -0.64284363  1.37008226  0.47265256
  0.8138635  -0.02918259 -1.03125031  0.23003899  1.96266563 -1.53724633
  1.07534538  3.19284478 -1.80552915  0.46771063  0.41567144 -0.6821021
 -2.18378767 -0.58264944  0.21859284  0.21333789  1.04725581  0.24479171
  2.67358381  0.84625247 -3.99680741 -0.23276004 -0.20015741 -0.64201317
  0.10043397 -0.48157012  1.37483483  0.47129232 -2.56464686 -0.54496271
 -1.53871188 -0.18756682 -1.94243942 -0.63466426  1.80521293  0.25593285
  0.20711385 -1.13046596  0.1748166  -1.03805149  0.40465958 -0.56012999
  0.34122375  3.06318726  1.49606869 -1.22317254 -1.62109141 -0.3852887
  3.47735841  0.13734693 -0.64251958 -0.39490339  0.44503674  2.27411502
  1.44545507 -0.28089824  0.83101727 -0.59258384 -1.01095413 -0.09490719
 -0.41342568 -1.31457798 -0.60889264 -1.61598106  2.59912131  2.23820217
  0.11145255 -0.65020624  1.68521706 -0.83107851 -1.54421896 -1.18582686
  0.79675623  1.31440247  0.57505422 -1.19130759 -1.90434099  2.04315642
 -0.99619728  1.20165273  0.11167523 -2.22444293 -0.07341066 -0.83735759
 -1.66490636  0.23641962  0.68670427 -0.33912765  0.60945439  1.65160452
  0.61051207 -0.15196934 -1.32153199 -1.1273586   1.96980106  0.84724602
 -1.62331778 -2.01445147 -1.00407563  0.92066092 -0.465145    0.38920667
 -1.87973713  1.53509955 -0.70878034  0.8243431   0.77776157 -0.25088628
  0.52687484 -0.50294328  0.68491565  0.10767414  0.98215075  0.86666222
  2.05543033  1.41574784  0.15160349 -1.10336769  2.14225839 -0.50485543
  0.5634152 ]
Best Fitness: 93.331940
