3.155353438432641155e+00
-9.239323596072711586e-01
5.846685979627828100e-01
1.821225883740838825e+00
1.352973883924452281e+00
-2.143149300858149253e+00
-1.434492369768503028e-01
8.226907814289602383e-01
-3.676892908746786648e-01
-3.923383736609007411e-01
1.130601181047184101e+00
-1.304512597226943349e-01
2.903366048489047779e-01
-1.221617030322034392e+00
7.673338309683384040e-01
1.140799579127389496e+00
-8.669986716846849184e-01
-1.240495049842350594e-01
7.882692762705556522e-01
1.092216766450194720e+00
-2.950429496011305885e-01
5.522596532939580971e-01
1.583626700132596099e+00
-2.029458613935465561e+00
-2.545499075455944560e+00
1.361078543071063129e-01
-1.553478804871491203e-01
-5.131106227647792839e-03
5.593030656438111592e-01
-1.003433160595863516e+00
3.649939872510658823e-02
-1.250757830458475439e-01
-5.483307589584580644e-01
-1.006028397122056273e+00
-6.857337696051895026e-01
-1.838684619274429943e-01
7.379503075474342921e-01
-8.871894928708002892e-01
-1.957005962014833456e+00
3.013637536663804628e-02
1.818628535252311829e-02
-3.338232740177684010e-01
1.355404041029537376e+00
-8.381164182095118820e-01
-1.742883265643241086e-01
-5.907199879089969352e-01
-2.401638649389840063e-01
-1.263164812509876223e+00
1.175798269772235560e+00
2.159767466526648416e+00
-6.321320982470156613e-01
3.061899380907447954e-01
7.443297302093732082e-01
-3.713017914388940799e-01
4.568998443268781351e-01
-3.002170397683565084e-01
-1.846831778858404882e-01
1.944136540263559532e+00
-5.494552439160549362e-01
6.515271357986835987e-01
-7.052522467878400425e-01
2.131848649913475668e+00
6.040314291297582683e-01
7.699997680932160193e-01
-8.341951626795208741e-01
-2.041077064850548073e+00
-9.995329754190296345e-01
8.801264349563928668e-01
1.691597647766526435e+00
-1.787279592436309406e+00
-7.108415820363016557e-01
-1.858866820908116058e+00
-1.193062122777987399e+00
-1.550074659331214244e+00
5.784714504943234914e+00
-8.454978804707758977e-01
8.902730143651961248e-01
1.544625378792558568e+00
7.785549875327185676e-01
-6.685058467160929219e-01
-1.092099691301364306e+00
2.649321180158652478e+00
1.106559493224827051e+00
-3.593626826983314260e+00
3.121234622313701079e-01
-1.469903809729951050e+00
-1.457435229103035468e+00
-1.108905616405469474e-01
7.838785864612437537e-01
-5.960725518989369309e-01
-2.256782334098557385e-01
-4.053216814666232293e-01
1.149099925157644364e+00
-1.778838310559912816e+00
5.568503365065232691e-01
-7.659193092960842053e-01
3.051978046333873040e-01
-5.297440480965289744e-01
1.393080422730957890e+00
9.416354319928379457e-01
2.444773982398309897e+00
4.101865810572005722e-01
7.069171992051140885e-01
1.337697152364726083e+00
-9.569330679298324593e-01
-2.611356497273652710e+00
-1.661127536795408144e+00
7.173597734531222958e-01
-8.361498469127752742e-01
-5.104087702221176137e-01
-1.342641430220020027e+00
1.428419994819954075e+00
6.363897140120327034e-01
-9.244637317050430347e-01
-1.010924341355188272e+00
-1.075587924331654843e+00
1.354259895198835162e+00
-4.909068840718366356e-01
-8.641335861625584203e-01
9.212811253638733544e-02
-6.889522641967089633e-01
-6.743735819835051659e-01
2.009008554281302317e+00
-4.370462673849703772e-01
2.059946885474256195e+00
-6.739660064420355257e-01
-2.410760437965856484e-01
-8.302991780325913451e-02
-1.011868312841883943e+00
2.144761170732978339e-01
4.346503933279393661e-01
7.832608694492673163e-01
-9.287327303180096250e-01
-2.285338052881530135e+00
-1.212708326435320283e-01
-4.211632768546805794e-01
1.604006614931357433e+00
-7.610435926796635941e-01
4.695260143260107655e-01
-2.348988709428367350e-01
-6.766626324435690565e-01
-1.754579960687739915e+00
4.485416203423542303e-01
1.630349833991533159e-01
-8.761796148878930879e-01
1.434354162567539337e+00
7.199642763783190569e-01
2.173843166333732757e+00
1.195773527448112494e+00
-9.415749668856868149e-02
5.496514314551272928e-01
2.706547308556946085e-02
1.706577219731345796e+00
-7.637066291170525600e-01
5.002179961233162997e-01
-7.917106820726109717e-01
-9.680094123125202454e-01
-1.925156868223222295e-01
2.420393149459273974e-02
-1.694335927484494242e+00
-1.414315717052925470e+00
-1.956207573294044710e+00
2.082672745319753826e-01
7.772045969042098434e-01
-1.263658908110937062e+00
-9.932118797607876193e-01
7.200165243480328714e-01
7.232152828435423064e-02
-2.328325503035935107e+00
1.033537156192806616e+00
-1.770881744695909310e+00
-1.611856124233828513e+00
-1.929418958523981820e-02
-7.540153606164532452e-01
5.146301158049935154e-01
-6.069160921735108349e-01
2.575180886997024743e+00
-5.673201214213390714e-02
1.598086078262894727e+00
-5.706819624340186969e-02
6.062664496254095425e-01
-1.132900053233737714e-01
9.399056783239615465e-01
-2.226926495183589427e+00
5.435832340364886717e-01
-6.800791154833271124e-01
1.125749339685791495e-01
-7.187965729317671304e-01
-8.136830438577778990e-01
1.913263013701691939e+00
-1.567965305583751690e+00
-1.564952697119892377e-01
8.641650496183843622e-01
-1.146717856088723009e+00
-2.132478471497272654e+00
-2.582995421252613166e+00
-1.380109150282119002e+00
-1.025980104312885555e+00
-1.450708229037426911e+00
6.238127963084262317e-01
-1.554321423235150768e+00
-1.463141682444614733e-01
-1.815272536426823402e+00
3.995258931165123206e-01
5.757289960854166111e-01
1.370619575302973958e+00
-2.541686548237874210e-01
-8.344551367154615651e-01
-1.538174357240308598e+00
6.410644105326308573e-01
2.332722004511814384e-01
-2.685772149782696960e+00
1.274315131365097775e+00
9.421115835336006938e-01
9.582284583175257886e-01
8.744785974490315583e-01
-4.876999527309935356e-01
-7.220879095796411962e-01
-2.473950227376483790e-01
-2.354618308325024667e-01
-7.529278929770844009e-02
-3.629063459474343722e-01
-1.080120484606379661e+00
-6.906075517444689726e-01
-2.326377952789684844e+00
-1.094185616234818026e+00
5.046196452595659743e+00
1.249792280076519324e+00
1.171105094858478468e+00
1.370662828124164845e+00
-1.207028857273388045e+00
3.637193780206474658e-01
9.022904144373108393e-01
-7.853224005444150446e-01
9.205749736124757554e-03
-8.809564578689824677e-01
3.911312854357340552e-02
9.443789005885075971e-01
-3.121183307644406768e-02
-4.947656459420901598e-01
-1.528872130364588910e+00
7.821588780261349294e-01
3.314919838698737187e-01
1.579055302778036574e-01
3.299791706335444830e-01
-9.601897931170091383e-01
-1.931328001513721748e+00
-1.411576864562837708e+00
-7.782993010339689377e-01
6.431061276359487655e-01
-1.627493830744119185e-01
-1.523840899904836732e+00
5.130446145528479995e-01
-1.121515276483379786e+00
5.229724117156884233e-01
3.151996343430849001e-01
5.744952281105398795e-01
2.015230492078677882e-01
3.836182084051057983e-01
-1.712914418181170184e+00
-1.558240978575862856e+00
-5.201826295229268204e-01
1.407020499279983738e+00
8.083605423618624997e-01
-2.417153948224984195e+00
