1.766718821980178600e+00
-1.237194097481461474e+00
1.557375386067681111e+00
8.554740177831274828e-01
2.670493450172750638e-01
3.789641810031191937e+00
1.035623290483030035e+00
2.655770247054582978e-01
-7.233222011053906941e-01
2.073982441981173375e-01
6.326688489157444861e-01
-6.134477114318258595e-01
-4.088411294451871569e+00
1.140277981244874894e+00
-1.022585806803075092e+00
-1.120893662779676170e+00
-4.396685506607202143e+00
9.067040954704410627e-01
-7.062959169378998370e-01
-3.285273057082845227e+00
5.641098086437539294e-01
-1.184756889741642949e+00
-2.097221436071162959e+00
1.218604920241397105e+00
-4.269327085483120676e+00
1.376134579105954492e+00
-3.575872440242416350e-01
-2.372482382351090102e+00
-1.720943548972434289e+00
1.918733388334125989e+00
1.364224345704359020e+00
-1.476976236870008563e+01
1.974830672368877549e+00
-4.807305260185405160e+00
1.249671083887872625e+00
-4.443714945244468528e-01
1.109491890424674665e+00
2.688917305122489054e+00
-8.394133448257472541e-01
2.268364554392935162e+00
-5.639122202536003270e-01
-2.271858272252835764e+00
7.238316588916746674e-01
-1.643564879470242213e+00
1.090191064742311644e+00
8.754038315933929226e+00
2.837385403903771142e+00
8.868717178092900832e-01
2.408562244163094057e+00
-9.905263412795901612e-01
-2.142621835816301612e+00
4.278949712357319690e+00
9.070928863992147040e-01
1.747562964551028442e+00
1.303187384435353646e+00
-2.616063463500243463e-02
-3.379023045641805556e+00
-4.836388325702736246e+00
-4.377329638788412858e+00
-1.485622984262002344e+00
8.067907466749207890e-02
-4.188051401480080704e-02
2.962478637980176188e+00
1.369163698093736503e+00
-2.191301606803027102e+00
6.130189378114220267e-02
-1.915878423947590559e+00
8.168423485047247468e+00
-4.437033985717460105e+00
1.031999513040467420e+01
2.750038645279842431e+00
4.713620299614458276e-01
-1.900629287378331200e-01
-3.075031796522001759e+00
4.001848660993497120e+00
6.059696361084442984e+00
-1.091129683229727032e+00
4.621090365587080306e+00
-2.159298797408061077e+00
-2.232921599696910064e+00
-1.002069869014990289e+00
-2.576712267652690791e+00
5.692056762405182102e-01
8.121332869112886099e-01
3.047785768328747924e+00
-3.345544314978175837e+00
7.185606079283680669e-01
2.081742719411937781e+00
-3.537429997814671434e-02
-2.333906844857377649e+00
-1.076808521185229212e-01
-4.673022281777015063e-01
-2.067158880998612780e+00
3.710405115415475130e+00
2.580842555201839916e-01
-2.022118550229128342e+00
1.779486200552355957e-01
9.864985622603982263e-01
-2.944457497407348967e+00
-7.402182919562909635e-01
-4.557717236912869119e+00
-9.433439670432194335e-01
2.082876474921711463e+00
1.639220699592333297e+00
-7.623304376553243777e+00
3.512156467034612817e-01
2.646619119668470077e+00
3.785805828243611781e+00
-2.604396976692770149e+00
1.275989768237370536e-01
-6.803210577587246455e-01
-3.065988781043459177e+00
-1.631175234192529855e+00
-2.755196297927699156e+00
-1.214915994738608784e+00
5.512739235843704400e-01
-5.846759067424068590e+00
1.855977797004586094e+00
-1.689830994577798506e+00
9.498783256877219028e-01
-6.870089936918051254e-01
-1.300237210965940360e+00
6.376708219532092770e+00
-3.921523381881783177e+00
-1.765921360102876925e+00
-1.381062926859185913e-01
7.607355914893273230e+00
-4.619834726124480540e+00
-3.839148648230465977e-01
-2.674356848947734844e-01
-3.788447139978806000e+00
1.915813492664281581e+00
-2.246575780733730099e+00
8.888661282907392547e+00
2.013329580230326155e+00
-2.754521340127866758e+00
2.535380064941628042e+00
1.821107249703796338e+00
9.806084882392501756e-01
3.120292690263917645e+00
-3.528772470012394025e-01
-2.978218647368341965e-01
-6.131200630287493292e-01
-1.244728003120464388e+00
-2.456141688325202743e+00
-4.340693925373529716e+00
6.065246540925524066e-01
-4.441745057869555424e+00
1.459447118337538818e+00
-7.432326450951066477e+00
2.042364380685658176e+00
2.248354693274742466e+00
-4.695718175921070880e-04
-5.251992192209864463e-01
3.777958739573321623e-01
2.414219646445879164e+00
9.342819639063151271e-01
2.153920366882421944e-01
4.517345297457590725e+00
-1.863090072170680678e+00
-7.205161157474617717e+00
-1.179698590702009664e-01
3.680480466830793329e-01
1.959938624332769885e-01
1.010827176020813845e+00
-4.031471109439021538e-01
-1.011837595701149617e+00
1.218165662081917011e+00
1.496815789208258751e+00
6.853291300267541630e-02
-2.208870471134778413e-01
1.372866773479625824e+00
-2.689013632896114725e+00
-3.706217135386280503e-02
1.157557722529090949e+00
5.616388543210650397e+00
7.589123146758575134e-01
-8.444701683851383311e-01
3.026156012075515989e+00
-9.394411013982146841e-01
2.287564558485816191e-01
4.796776541325579180e-01
6.050525752190429873e-01
-1.284494084662323177e+00
-2.005280358213901160e-01
8.162118796292110456e-01
-1.951548512341768904e-01
2.720021854137980588e-01
-3.571076622449120830e-01
2.700686249299837804e+00
-2.794827310086067662e+00
2.536728135753430813e+00
-2.718034747911751703e-01
-1.632452584969421583e-01
1.373405116513372715e+00
4.268467838025842287e-01
-4.108446272850332925e-01
4.399729292807437742e-01
3.435205240011419470e+00
-2.111973234939532040e-01
-2.613481067013686765e+00
1.465765357221283427e+00
-1.179129594882626586e+00
-1.176401286546825631e+00
-1.052458251152873947e+00
-2.576185061029450551e+00
-8.800909565476404683e-01
2.132113550233478261e+00
4.671511313278609911e+00
2.960458140736218269e+00
-2.294381417002488988e+00
-1.389043896985965532e+00
2.356595577494811522e+00
-2.543652219491391309e-01
-7.505315141768186260e-01
-4.156306582794975668e+00
-3.198512299861382413e+00
-3.797003591212845475e+00
-3.831555114156817599e+00
-5.147782091830973572e-01
-1.754214817263682002e+00
-1.938278396463775310e+00
-3.707082575267242053e+00
1.559153156271905427e+00
-6.605554422739685627e-01
3.439366440551574478e-01
1.912281575738371958e-02
3.953332185293920720e+00
-1.165924928237866753e+00
-4.306565861333607081e+00
5.573918969904869680e-01
7.868019461653215085e-01
3.416312763752676340e-01
-2.111470981686574877e+00
2.317163166572945521e+00
9.118069619673815351e-01
-1.469921467453770170e+00
1.427992196286906212e+00
1.323878333121937700e+00
-1.407829274098041372e+00
-1.907706950347195951e+00
-2.269866144341468495e+00
-1.169911763851958719e+00
3.287483177857269290e+00
-1.855574271918190021e+00
-2.593452684742320269e+00
-1.862613361380573096e+00
-8.045048650730671214e-02
1.593451174558154992e+00
1.508034515038597090e-01
-1.412221234069654940e+00
-3.615834116591799763e+00
4.248079992165449958e+00
5.996064929748287087e-01
6.474889571435999969e-01
-1.890592111803451436e+00
1.622810440191147396e+00
7.145224593956265302e-01
3.777664639869821706e+00
5.320369433932727432e+00
-2.193891524497762813e+00
-3.880604807800049905e+00
1.704764738070493890e-01
1.649383338792899778e+00
2.919471610518610039e+00
