Best Solution: [[ 0.01200633  0.52938416 -0.1998657  ...  0.23039686  0.00658631
   0.08049926]
 [-0.05408085  0.54706124 -0.19813111 ...  0.33914913  0.17806523
   0.01571177]
 [-0.01371032  0.62165963 -0.2412035  ...  0.4476677  -0.01886597
   0.24992178]
 ...
 [ 0.06620795  0.45573898 -0.27792429 ...  0.34182697 -0.1637103
  -0.35294392]
 [ 0.01732811  0.52691867 -0.27996916 ...  0.37998953 -0.10956423
  -0.50600499]
 [ 0.18688007  0.56972448 -0.25185283 ...  0.34191386 -0.1484029
  -0.10884381]]
Best Fitness: 91.223649
