4.613674674947806920e-01
1.407441189812160820e+00
8.813534908802554968e-01
-3.470904766429610877e+00
4.270122121003057991e+00
1.274217675547944628e+00
-6.475619520630278014e-01
-4.247089327084019872e-01
-2.221880064703782409e+00
-5.257473395675382744e-01
-1.420277843692412112e-01
-7.385130207679444503e-01
-4.793698129108021178e+00
-4.821343497513133625e-02
-3.712370033971322147e+00
-3.094000139951030848e-01
9.984637388111042844e-01
5.444959433056034692e-01
2.320970246011764271e+00
2.294834246359246155e+00
-2.172917384237515126e+00
8.926184679361433005e-01
2.464200192264967448e+00
-3.340556309846254845e-01
1.164870110184884844e+00
-1.795451136709765416e+00
2.681355514509202731e+00
7.633429497620138893e-01
-2.161663856788087479e+00
-2.169394022601695671e+00
2.671262031373008439e-01
8.247367869815429298e-02
-1.793332060192975197e+00
-1.334541480528018687e+00
1.457753479646594297e+00
1.048948348502177774e+00
-7.499799938788295206e-01
-2.160976337199973507e+00
2.768560412488761946e-01
1.035088415340936541e+00
-4.996935867316054658e-02
-2.336563740560628322e+00
6.678253268141123300e-01
3.106323569193500056e+00
-2.069480890399229001e+00
1.516248953832168178e+00
-1.727918355439460596e-01
-4.949568926707025973e+00
2.008621285691859715e+00
2.436651573304593033e+00
9.651792327317610942e-01
7.330529996285933825e-01
-7.747207630475816398e-01
3.083614055987532687e+00
-6.153387784531783922e+00
3.195652448639133558e-01
-1.105158048932963766e+00
-1.932429028684912398e+00
-1.381843847580599194e+00
7.516943336555999000e-01
6.569337623564491802e-01
-2.966285887817037725e+00
-1.182111585604369797e+00
6.086689869087291704e+00
2.003360564583375414e+00
1.328028798852927350e+00
2.171953660218074456e-01
4.279736056757963980e-01
4.391225902613758336e+00
-4.552542521234007600e-01
-3.105478210929129457e+00
1.442803436068810674e+00
6.577671031850536032e+00
4.033183477716790200e-01
-9.292042470373743868e+00
2.944511743732604270e+00
1.908367302436860147e+00
-2.203529187981954518e+00
1.309363392872553433e+00
-5.903507761625386152e+00
-1.610389962674525499e+00
-4.983440949750589377e-03
1.353689862673778777e+00
-1.035304997845181374e+00
-5.059572023721128353e+00
-1.069931865185131808e-01
-7.259397965293530319e+00
2.298042322504202595e+00
8.350210761517344871e-01
-7.040484293288442608e-01
9.245429273918408519e-01
1.511392058514339887e+00
1.720482640353929948e+00
2.142540391739288896e+00
-1.972801518785126662e+00
1.250825707235453832e+00
1.499546693404139319e-01
2.391381304831189603e+00
-1.681058021249498546e+00
-6.981280207606915811e-01
3.424042341108911591e-01
5.919204833652902398e-01
3.473970220314055890e+00
-1.818186925764750939e+00
2.642563261644791606e+00
-1.172120650733863068e+00
-3.560102055834507784e+00
1.365159022722608473e+00
3.500065880828334475e+00
-2.670191492901454744e+00
-3.434970012112573023e+00
1.346637014874277449e+00
1.328229089364387772e+00
-1.107756280579396346e+00
-9.291967808927982242e-01
-4.113074877870962709e+00
-3.433810903560021277e+00
-5.741889664106233360e-01
2.140907534570747894e-01
-2.192084601906306940e+00
-2.508180450910377224e-01
1.674467317341055583e+00
5.787048998703241409e+00
-8.591133280803945338e-01
-1.611584066224992062e+00
-5.094292958719106590e-01
2.401982317729952909e-01
-1.204605849911919435e+00
-1.314690801826964073e+00
1.802738931280993828e+00
-7.915084609744932331e-01
3.734894180019550092e+00
4.548852057524509718e+00
1.404331727820810061e+00
-3.250685074199019642e+00
-1.549628881225646904e+00
-4.911130905057779827e+00
-7.711292623442141725e+00
8.632007786763504775e-01
5.593712698583420684e-01
-4.771334541849878152e-01
-2.459408193201706894e+00
2.141695476502620377e+00
-2.532134258912813074e+00
-1.873120690744776384e+00
4.361514048382475472e-01
1.675985557530849546e+00
-1.964948361434130097e+00
-1.289798749203594053e+00
6.314225673117022097e-01
-1.760065224838807341e+00
7.554094895550200750e-04
2.199856926043135097e+00
2.270026853061960281e+00
-1.999908543991440357e+00
1.428674706953857898e+00
-2.644365305515123055e+00
-6.611079568645676918e-01
1.038717722307578306e+00
-1.769553706860477638e+00
2.895296208165610619e+00
-5.180947727812624137e+00
6.780821346517260650e+00
-3.092727058184267186e+00
-4.219368510676150263e-01
7.547055647038862780e-01
1.595219144235719977e+00
-8.387935806470240285e-01
1.838383086915597930e+00
4.252977386027843032e-01
4.561155982279908039e-01
6.083987035880012995e-01
-1.459843120999832600e+00
-2.670339241841433342e+00
-1.048206649876217478e+00
-1.724487011530251301e+00
1.274419969202395198e+00
1.843775547745674759e+00
2.694785772681121738e+00
1.098761741554277638e+00
-4.605999460634484066e+00
-5.206052937766970645e-01
1.250828268540479460e+00
3.140157770971393481e-01
-2.333966465282135971e-01
1.142107610921699046e-01
9.347822890217505343e-01
-3.612585250420957128e-01
1.822180888901957507e+00
-3.994335720679184631e-01
-6.367851247841618267e+00
-9.656228338387788934e-01
-3.598979189638794596e-01
-5.121283675121182100e+00
-1.846920095961719355e+00
6.567777898743839549e-01
-1.671371956268407732e+00
1.996565755421902677e-01
-5.914181603087128591e-01
-1.189805071729185260e+00
-3.071958923742499348e+00
6.769259565655783017e-01
-2.322347006613935783e+00
1.066328792105323053e+00
3.248864440160088130e+00
2.335040018640663906e+00
1.778191558586667220e+00
-6.787916678964930894e-02
-1.301552875066860127e+00
4.273156515792759236e-01
-4.714466538775234028e+00
-2.126390396122899595e+00
6.696696334180042287e-01
3.315092144297260734e+00
1.005920153568192088e+00
-1.035020684374764466e+00
5.320721036002515891e-01
-4.118188751283686777e+00
6.615174718774278206e-01
1.229885021026557723e+00
1.785820214104201664e+00
-1.206805583250187386e+00
2.027574514055509258e+00
1.904957452664282069e+00
-1.896234449817864043e+00
-2.355603543983742387e+00
1.775434592821454466e-02
1.390237773796950960e-01
2.619548392646311896e+00
-3.376342072471155142e-01
8.783407398162673685e-01
3.880924914394773273e-01
2.466031604149318268e-01
5.093902201551289366e+00
-3.313705431712657745e+00
-1.687951524454323504e+00
1.022363589056749289e+00
3.435373975566240468e+00
1.705072644650051927e+00
3.986499244810632892e+00
3.672391398346788627e+00
-9.045477905573776622e-01
1.917965496416939475e+00
-1.798266871329272654e+00
-1.280194628763521969e+00
9.550025864874570614e-01
-4.571567987367479269e+00
1.355102282032050187e-01
-1.832318049314780040e-01
9.274281892965559049e-01
-6.516995939105966196e-01
3.589161608481477028e-01
4.533876762302591956e+00
-2.034011020580054119e+00
3.857941351531537055e+00
-3.080324171940403755e+00
1.258952416303007027e+00
2.123339523757927783e+00
-4.000748153724841494e+00
2.676239911217638046e+00
-8.567161499565065785e-01
-1.109176180467653872e+00
2.174179533602860898e-02
-1.947247626321114922e+00
1.695074530497384213e+00
