2.293148622360073219e+00
-1.650847362379880834e-01
-4.668257057616436168e-01
-3.769525983234151001e-01
5.860818989284779512e-01
-2.009859579909149208e+00
-9.563030264148230097e-01
-2.253611406456753341e-01
-1.343820749689373928e+00
7.065945163441077204e-03
1.348973237489567989e+00
1.502271980861002332e+00
3.603265425357312868e+00
1.816727875388534530e+00
6.128019709439824769e-01
4.839342564099485822e-03
1.147701854460982052e+00
1.096844641760914785e+00
1.794612312787335462e+00
-5.395377475841751647e-01
-8.040352595964773696e-01
1.996604423058334632e+00
-3.038620559877752703e-01
4.154206154004449481e-01
-9.854743128783463035e-01
-1.091218843429521967e-01
1.213852614620176906e+00
8.166227196369248986e-01
-1.222573008108033488e+00
3.161858243332748675e+00
1.094455140969432083e+00
2.965325650733027896e+00
-8.178114560168875613e+00
1.058567777225015299e-01
-4.640097465121949261e-02
1.775377215764377958e-01
3.920860202946842565e-01
3.212329682067719627e+00
-1.339637263682220469e+00
3.241019912220342469e+00
-6.289540972233863547e-01
-3.427182507332644512e-01
-1.185702655135548289e+00
4.715698345598436925e-01
-5.343632089791907624e-01
3.393673663496935555e-01
8.332149359398109967e-01
1.247883439515326209e+00
-1.568251057030281892e+00
3.207322702326245167e+00
5.303159087235981284e-02
2.999866446303701029e+00
4.081492803369624056e-01
1.106855343747937814e+00
-1.525693607560436871e-02
1.071121861966636279e+00
-3.114348060832690113e-01
3.077750918610804298e+00
1.976712432995429980e-01
5.071417694171323376e+00
-2.908273455011776143e+00
8.337677153843421340e-01
-2.591250024111706018e+00
1.960855120125151174e+00
-2.009924833167870961e+00
-3.688217981156729497e-01
-2.043611113372873600e+00
-1.708054686425655389e+00
2.033175006268250762e+00
7.795163307507227968e-01
-1.826677394195503679e+00
-6.560310089676822942e-01
8.032210106449378939e-01
-4.484504525477785997e-01
2.628616516055997554e+00
-1.197265911354872481e+00
1.055090831137307061e+00
4.258419864324347603e-01
-9.805355057132941754e-01
-4.033736192793079267e-01
-1.070696111109536330e+00
1.521488998611736143e+00
-2.344056928371507809e+00
4.294009963815005548e+00
-4.767500988249954164e-01
-2.419754529545476152e-01
7.527257278744492464e-02
-2.531583455989678821e+00
1.106193471358543068e+00
-2.553671090519879172e+00
-2.513728716228748050e-01
2.643212926867635648e+00
1.768065340324618262e-01
1.448187232816444237e+00
-2.454471261409383459e-02
-1.032887619643175076e-01
-1.091576303502799217e+00
-2.456951598244468293e+00
2.611429715060658463e+00
-2.599660709093705169e+00
-9.330272038813957058e-01
-1.695998054108008857e+00
-1.817934657309851487e-01
3.423712624144396588e-01
5.900963749684682291e+00
-1.179372470101468284e+00
-1.400653022526242797e+00
6.671657542774459548e-01
5.253483584968953179e-01
-1.432752961723435581e+00
-3.276330619582956682e+00
-1.644872946662728097e+00
7.000211605200906684e-01
4.411877494023329072e-01
-2.026759145160381415e-01
2.949375712808136596e-01
7.161773849713982676e-01
-1.359293566092425243e+00
3.479707093924057082e-01
3.029755650015488189e-01
3.669683645422645857e-02
4.509063243450161518e-01
-7.594811345013846582e-01
-1.884882652603147246e+00
5.090501682674155592e-01
2.253207557590849230e+00
1.979006511997468687e+00
-2.171436918540455285e-01
4.564360377286615922e-01
-2.568663766920165070e-02
-1.149820336232117324e+00
2.121211160875693946e-01
-1.467199687727677837e+00
1.363614013091388522e+00
2.352442230243199095e+00
3.565304646784628329e-01
1.332243844059288085e+00
6.377675614040139163e-01
-1.919627193714631419e+00
-3.709337619663922170e-01
3.064701123771374824e+00
8.017078902648945293e-01
1.075077392931983233e+00
8.909825554068279141e-01
-2.096383820623394456e+00
2.154555665711661294e-01
-5.831790544606130222e-01
8.304279628675497182e-01
-8.371801560968783473e-01
1.844722229631966304e+00
7.455717198863752448e-03
-1.337516790031446634e+00
-1.831380488236880044e-01
3.796087660667190056e-01
-6.518851141187614884e-01
4.323228367663226046e-02
7.574810769776483266e-01
1.291568504943849227e+00
-2.063711004228276469e+00
3.484800778852766290e-01
2.020047368065991389e+00
-1.124053786277080386e-01
8.675142800656021613e-01
-1.275668759000590624e+00
-1.090779719453816021e-01
1.362876248481878827e+00
6.671907198675636197e-01
1.741417585291509029e+00
-5.490103714426844306e+00
-1.961242840199196369e+00
2.269163477334143142e+00
1.145780201988918723e+00
7.990298870645796692e-01
5.192455031957408096e+00
-6.335028070290847246e+00
1.765105335548236454e+00
-6.160415829625850992e-02
2.737838863311838900e-01
1.456778972050405407e+00
-1.460441310239385837e+00
1.229208673830166187e+00
1.146367073971398032e+00
9.965973864904553725e-01
-1.206280702799696902e+00
3.456639008275794733e-01
2.186037701764673269e+00
-5.636303572606647938e-01
9.070080219839423696e-01
1.665352592188024561e+00
2.014737597259278701e+00
1.727999592297470688e+00
5.300027125847334153e-01
5.389086430754829182e-01
-1.250988324147670916e+00
-9.939759019179528199e-02
-1.262393919057532177e+00
4.053120887653588467e-01
-1.002642565995209623e+00
5.285727089951526292e-01
3.491983367680048245e-01
-9.509740414884546578e-01
2.435352031812422435e+00
-3.790573305009500515e+00
2.865732871024991302e-01
-1.219869633594315106e+00
5.155554594908108301e-01
1.925115814833683880e-01
-1.354195652776310155e+00
4.396494387905413581e-01
4.398437621823321209e-01
-1.768702927364955713e+00
-4.316865150226689152e-01
-2.566150788608306255e-01
-8.902308063894892598e-01
-2.626096879024129027e+00
-9.176575964931537044e-01
-4.435604527945897213e-01
-9.722103717495887976e-01
8.127704621116923489e-01
2.091574176306996602e+00
-2.580355347056251691e+00
-1.560143390027846744e+00
-1.310251419610573009e-01
-1.127977765887387518e+00
1.252481622173859721e+00
-1.651901615210351615e+00
1.437101182909205299e+00
-1.162150951715178182e-01
-1.337815908195701287e+00
-1.558423150710387839e+00
-1.932518856661569862e+00
1.709986426355921463e+00
1.974258600253553153e+00
-1.401951418840595154e-01
-1.656936557457931336e+00
-1.041901958581943899e-01
1.002863668222009785e+00
3.336593285459115155e+00
-7.358533508562783432e-01
-2.918990451868952007e+00
3.128967133778293164e-02
1.286569996207868050e+00
-2.231468553426454893e+00
1.095404076855531539e+00
-9.917196159998722393e-01
-5.076868389175234197e-01
4.714940532288103836e-01
6.885289841185274762e-01
-7.570089796938169746e-01
1.033512863639425738e+00
2.100541908713302597e+00
-1.434371924589721514e+00
4.557306829971377482e+00
1.632070101663936068e+00
3.844697771698621924e+00
1.012315279118253031e+00
-1.042463487592555360e+00
-3.708101713030346192e-01
7.546464120303529866e-01
-2.547003071001531227e-01
-2.515516852293404160e+00
-7.019752121859589300e-01
-6.304092966062723180e-01
4.335500356966352081e-02
-7.014026821471721629e-01
