-4.038477755642539968e-01
-2.440413242407229732e-01
-1.652784116480313648e+00
-1.837387565880490348e+00
-7.431828376892402055e-01
-7.146101664860010638e-01
2.716008066960442502e+00
-9.425641799068104065e-01
2.335950305869511912e+00
3.607468836752552033e-01
-1.522122179795879271e+00
-1.364224514323007176e+00
-2.195351894567917905e-01
-1.781013926133418135e+00
-2.050172756683746322e-01
-2.882257699930952377e+00
1.065135455464597536e+00
3.071822289333048239e-01
1.758678330978287185e+00
2.320763453359060868e+00
-1.602530404492029104e-01
-2.052758539236512192e+00
-1.819597736099132002e+00
1.241911296810288334e+00
-1.874133435634296685e+00
4.263203889433483385e-01
2.402680900609043047e+00
5.105354328464342117e-01
4.122727392190806417e-01
-1.986344202566997508e-01
-6.973263358072085971e-01
-5.570774746246573983e+00
1.414286882217990371e+00
-4.429795445490606887e-01
-5.145092241842637026e-01
-4.498045759771115981e-01
-2.554709950461054868e-01
-2.021526758692237191e+00
1.261359573909640819e+00
1.129143429814159161e+00
2.937164244932617851e+00
-1.093738244444509081e-02
2.818395515516970651e+00
-6.287455737824159119e-01
-1.401353253388879061e+00
-9.214298982023489959e-01
7.124277166241874681e-01
4.056455007038413996e+00
-3.732276304420054647e-01
-7.692974619143424508e-01
9.076314127054713188e-02
-2.378330712629331600e+00
7.299147465725450701e-01
3.147388664198995656e-01
-9.774394146701032016e-01
-1.939103187269086481e+00
-1.667144889939168317e-01
3.210036267814145861e-01
4.877674500882341890e-01
-1.073200979835694735e+00
1.012879973504795528e+00
1.882680412402973014e+00
-1.466543760051326473e+00
-8.832787824004479926e-01
2.369231203955897591e+00
1.831575573216679853e+00
-1.192914742072585632e+00
1.179023410656960369e+00
-3.254785178110833899e-01
2.507086088069774732e+00
-3.975083295269656314e-01
9.791138114158711714e-01
6.698180436621327116e-01
2.917368416111438822e+00
-5.765353336474110524e-01
1.721228081897775875e+00
-8.294796033766894672e-01
-3.429005689828710790e-01
-2.360690955611098651e+00
-1.371569546243271320e+00
5.038335388921167279e+00
8.390999514320550690e-01
1.443442992776128087e+00
-2.162466646995437891e-01
-2.833528453220951704e+00
8.440076351724636883e-01
-1.200421888569573881e+00
1.390018214845075262e+00
2.598388708605970265e+00
-3.617517241422904539e-01
-1.650950943290654171e+00
-4.099138943953457570e-01
-1.927249224693076801e+00
2.078830964464748021e+00
-8.514424282356991558e-01
-4.494230210341659260e-01
6.017240435461927994e-01
-2.857986516365530472e-01
-9.801777618480565779e-02
-1.274070058278897744e+00
-3.709708481879708253e-01
7.141349926378722790e-01
7.151583849106777357e-01
2.224692817867298389e-01
1.747399642320752955e+00
6.111304205115642985e-01
-1.477980311948123626e+00
-7.213664847277310166e-01
4.793410532084049436e+00
2.055107325104030824e+00
1.164381887436953811e+00
5.906949543487753918e-01
5.183654805030252222e-01
1.102349749225486342e+00
1.936885798903306144e+00
1.377573417821883695e+00
-1.300495401431831732e+00
-7.721478491813127398e-01
9.192397440215840376e-01
1.222007119221690141e+00
-1.783695034243278466e+00
-1.049967717293319058e+00
9.658311008066113867e-01
-2.009024380869897097e-01
-7.590093938196019741e-01
-3.755912705227565374e-01
3.028892838219495509e+00
-3.163715055869242287e-01
4.164151058576036846e+00
7.901385700978933446e-01
2.745577121535475840e+00
-2.184331967085455961e+00
5.354750706379055591e-01
-9.111702584798403448e-02
1.530697631063273390e+00
-7.332967294951255877e-01
-5.591090191548039323e-01
-2.259982953083705670e+00
-2.837208208425107792e+00
3.624765424156178639e+00
3.216287093646527762e+00
4.278566435251545119e-01
1.944458732889638997e-01
-1.392318500300710360e+00
2.346753396000394787e+00
-2.478042491817150417e+00
-1.922584236214055053e+00
1.099197020435922711e+00
5.125363782909223564e-01
7.515220585195142577e-01
2.430123153518702672e+00
1.276959848423663280e+00
5.933730105000051269e-01
4.900262052203040453e-01
-3.110191170001027627e-01
-2.359154957759043159e-01
4.871177895845056893e-01
1.168633876607861222e+00
1.038989685321384693e+00
2.734753225386183928e-01
-2.630291778860172514e+00
-1.825029177833563665e-01
-3.613379770274829927e-01
3.664971729947046064e-02
1.078367545036731379e+00
-1.266186591212350998e-01
7.833352915594847810e-01
1.113006461684480142e+00
3.587760466448841612e-01
-5.262955718233999214e-01
-4.340090086011843540e-01
-9.633890913749157958e-01
-9.786718603609070311e-01
2.022982817839000524e-01
9.776056847773784142e-01
4.062537052556192130e-01
-4.777592328394309362e+00
2.052539388690493571e-01
7.909370906538507606e-01
4.874655303130129291e-02
-3.947013446642231749e+00
-3.325405941436154755e-02
-2.573820875826475341e+00
-3.341680210343128454e+00
-4.052456358525805769e+00
-6.068969137455980656e-01
-2.818053582768681453e-03
-2.617833203008968823e+00
1.101372570546708785e+00
-1.995322134143565629e-01
-1.174700574778961837e+00
7.114593233904210612e-01
2.468273541100054480e+00
6.600236220856503522e-01
1.566582126959394916e-01
1.783909524425778326e+00
-1.427641934713068439e+00
-1.158312752705803694e+00
2.719841273021532668e-01
-2.906587269391599282e+00
-7.845635072032279833e-01
-1.438328265476005452e+00
2.330680227432650575e+00
-1.505069416478468813e+00
-5.677482734116409135e-01
7.895844336719810563e-01
1.467024367547785368e-01
-3.646309968908784782e+00
-2.881956666442718085e+00
1.168850493497334941e+00
1.143742682639151464e+00
1.581343454799345238e+00
1.691538148079684056e+00
-1.607111371906953523e-01
2.049186845400192247e+00
-1.310943579847060558e+00
4.118060841201188538e+00
-3.439409087506291041e-01
-1.561192633485983361e+00
3.983026457896430284e-01
-1.639236000740047272e+00
-2.177104492531476865e+00
5.349733212914929981e-01
2.398028795089688359e-01
2.475290662706859379e-01
-2.850634710140556916e+00
2.076187763637583894e-01
-3.073525376692893274e-01
1.225179748853037154e+00
-9.155174256299771773e-01
-9.660887842242602552e-01
1.826474356190508130e+00
3.118147776615519673e-01
-4.027046428002091227e-01
1.539795257361013192e+00
-8.600883848444406121e-01
1.517088158803846509e+00
1.380260933796048750e+00
-1.041197588754479986e+00
4.747222388492599587e-01
-4.036463926332071184e-01
2.539836944213123893e+00
5.199279340078492018e-01
7.432782017604598890e-01
-1.944432437835211136e+00
1.081652081342918237e+00
1.572912700337314451e-02
-3.724334858836259698e+00
-7.313524867562709586e-02
1.760644028925208548e+00
-1.156109506897309736e+00
1.785241227904553973e+00
1.821560107670524786e+00
2.740764890032325596e+00
6.480850245651501584e-01
-7.589103000063042170e-01
-2.572322616796320904e-01
-6.649475919046569095e-01
1.274574408981979490e+00
-1.136930904117077423e+00
1.138940626209404616e+00
-1.335824979402307766e-01
-3.467743844457363833e-01
-1.157276210927022930e+00
-5.194258923627956825e-01
