-1.791036048875313424e+00
2.874222273455615678e-02
-7.955763879068580291e-01
-4.029472487814645398e-01
1.378473905911276720e+00
-1.500865633335897398e+00
1.676513831905204643e+00
-2.891380634711949726e-01
-1.279831285579929423e+00
-9.688653325027277718e-01
-3.396088724535894499e-01
-5.905218391788880083e-01
-9.682366890159199713e-01
-2.778099382858981170e-01
2.917851662123876810e+00
-1.675024928846403860e+00
6.109610345211483606e-01
-1.816846954783464252e+00
1.675073395617695970e+00
8.607588675666155709e-01
-2.476818542627284181e+00
-5.698841908148235547e-01
1.660758819160224276e+00
-5.519749378780156590e-01
1.811272364544426416e+00
6.400887567680413337e-01
6.333663882051931981e-01
9.259650217663701888e-01
-3.669429141627382762e-01
-3.728940524998644035e-01
-1.709359179802779627e-01
3.293480213115754229e-01
1.863330831813446165e-01
4.845882731260108267e-01
-7.020430955977251530e-01
8.991459097208853724e-01
8.251339763925541471e-01
-8.794137417051690608e-01
-5.609365569779997118e-01
-7.021726391892652019e-02
-5.334711159038659778e-01
-1.341125350151097573e+00
-9.796492210525768740e-02
5.449696263621615078e-01
5.629206142474729724e-01
4.315602778501786418e-01
8.230516342554801135e-01
9.970403546803419115e-01
-4.804854578865510817e+00
1.276516996967802298e+00
9.989960573745971795e-01
8.136608510659567584e-01
-4.553743925238341039e-01
-6.184080076421057948e-01
-2.858950006635668784e-01
5.335018338074727362e-01
-2.213333177603962643e+00
-1.677987908698592934e+00
4.560431424110622523e-01
3.772315573657246679e-01
-9.393582822625826112e-02
2.873951630630005027e-01
9.550051385907595281e-01
1.068046406659091785e+00
2.174951372267690974e+00
1.240854721213459744e+00
-2.672800882668266098e+00
7.346791444577528418e-01
-1.593807757640365086e+00
1.902680552050444174e-01
-1.736107408729237189e+00
1.116721619395570908e+00
-1.034716555621738143e+00
-2.531689911684910088e-01
-2.118004114279277594e+00
-1.035503334339338721e+00
-3.906550303493817600e-01
2.526987053368644487e-01
-1.911044384777220051e+00
1.650896255299725002e-01
5.523691647524694992e-02
2.064085315085029126e+00
-3.362203435380402006e-01
1.526454274270490963e+00
2.550402472977258972e-01
-8.652824324853843896e-01
-1.622279058964269494e+00
-2.449421644453589231e+00
-1.275952231511281898e+00
-8.599487071561386919e-01
-5.137730526347864535e-01
7.399806295226619701e-01
8.174769421451666407e-02
-1.014727414835411512e+00
2.363288797357922799e-01
-7.970016956531383867e-01
-8.250439820037130945e-01
6.418855014715380003e-02
7.461791528871844492e-03
1.562875916645212748e-01
1.395545753262139588e+00
9.089370579231962344e-01
-1.847527536850832819e+00
-1.249619025047656040e-02
3.158308515367295732e-01
-1.159863235254988023e+00
3.018287502483008033e-03
1.138334315927485157e-01
-1.441534032799086373e-01
-2.509799669048729531e-01
7.902443720406782113e-01
1.090765812793935141e-01
-2.599206253040937220e+00
1.567669499864935201e+00
-1.003196115760463414e+00
2.280935883704409584e+00
-5.938880664812783428e-01
-1.584530104836224584e+00
4.944965901547199172e-01
-1.272199494150447308e+00
8.438885204988311184e-01
3.583053230705793846e-01
-1.083011278205382677e+00
4.780280329537086592e-01
-5.629107483026143388e-01
1.648167533941856944e-01
1.291112816241604566e+00
-1.619852698004816904e+00
4.338747811938379328e-01
1.934632397365646739e+00
-3.288660472102127863e-01
7.113667577916367168e-01
-2.020116932791815589e+00
9.647389807977393428e-01
-5.901450146283112597e-01
1.031061943526513591e+00
1.211909366836095181e+00
1.890040924610525419e+00
4.485068987792228401e-01
-7.689843011237904036e-02
6.213143966115308725e-01
4.999487045746083824e-01
-1.400990094377726036e+00
-2.252994271655736902e-01
-1.421766900918009502e-01
-1.359165801100547410e+00
7.350323800350028192e-01
2.167073614818250671e-01
-6.077059225165952761e-01
1.376803992782354547e+00
8.058682953655325054e-01
-6.000369248519804577e-01
-7.210752554294836969e-01
1.061331351032979375e+00
5.687744657264166559e-01
1.117447668295876495e+00
6.117379175123548452e-01
-3.520558012047078633e-01
-1.620395311005067285e+00
2.144605548543843554e+00
5.176241582956981890e-01
-1.216269595120802238e+00
6.119713159053639107e-01
-5.959417162626712283e-01
1.160224982841530084e+00
-8.791827505331614168e-01
-3.894612204064779037e-01
1.093137297368300676e+00
-4.648901234975585939e-01
-8.359114473802535805e-01
-1.101590521564406622e+00
2.350852715869226728e+00
3.456562441044883638e+00
-1.744863979718741742e+00
-1.930549437163777249e+00
-1.281553123358323720e+00
-1.388223164980824542e+00
-1.358493254789285176e+00
2.314842440379955568e-01
1.277335897420294408e+00
-8.216383080498288471e-01
7.009443152792059761e-01
-1.718479703751665810e-01
3.304485596733219843e-01
1.833131491030318250e+00
1.399649616325210566e+00
2.238907111931123517e-01
7.093463726697983862e-01
2.928827179426483518e+00
-1.900380185753053341e-01
1.862776910343131087e+00
1.809308036129479991e-01
-5.176847036914998812e-01
7.127110575902795286e-01
-2.528487330489116447e-01
8.130813987664242681e-03
7.378325135006017499e-01
-6.382726922816761572e-01
6.811163727231293874e-02
-3.375309996772508092e-01
-1.346864820397192908e+00
9.987294278158338479e-01
-8.479031542216722839e-01
1.274114440021935080e-01
-2.142170882876444082e-01
-3.752903479795579589e-01
-2.084675981919145826e+00
2.724203765300433622e-01
-1.083325637483949055e+00
-1.457245924332992160e-01
-6.953804538939620805e-01
1.355894021149355311e+00
-7.243078487663247023e-01
2.491231057684268335e-01
7.708790875143238797e-01
-1.178918178495612423e+00
1.327101699817536673e+00
-4.225895529758847968e-01
-1.123640382163611617e+00
1.003262869334824225e+00
-2.560172675308457713e+00
3.679093307844608085e-01
1.519607019430561312e+00
9.763776612833409141e-01
-9.037944576729625146e-01
1.141938845891434129e+00
1.673436169950354602e+00
-6.921503478896717798e-01
-1.031944411030490283e+00
-5.402081652641510523e-01
-1.020670202142160754e+00
5.591176378251913048e-01
-3.433450147860686030e-01
2.175515688341253528e-01
-2.154714411129517337e+00
2.037533489064383030e+00
-2.884124435986379908e-01
4.121006982038928346e-01
9.537071724961359021e-01
2.457199783868198595e-01
8.450320197968352876e-01
-7.951404528509398162e-02
6.213565990056574284e-02
2.338161117288232449e-01
1.802757340678885489e-01
5.321626586261299363e-02
-7.568460615062803098e-01
8.494205514628081488e-01
2.353365160105711507e+00
-1.680660400131107624e-01
4.274244182896129729e-01
-1.893619622473452280e+00
-6.347633514168635194e-02
-5.835337116425503012e-01
-9.899631660996404126e-01
1.154838676816044296e-01
-1.960807100247733636e+00
-1.721600215316579474e+00
-1.660185535454238970e+00
-1.373651202560373027e-02
2.016070052335356522e+00
-4.293543886557363298e-01
4.417974831688772364e-01
-1.628565909307464032e+00
-4.356065962636823663e-01
