2.701901708154869075e-02
-1.178701202336146503e+00
7.306754072566763458e-01
-1.900167233173271075e-01
-2.559595130930087392e-01
4.222863494172026222e+00
3.312148173570073073e+00
-6.706072759330281574e-01
-2.485382469891752155e+00
1.246138325488881593e+00
-1.825086745324180360e+00
7.281840591017129105e-01
1.771386153420206888e+00
1.465023307687379983e+00
5.412037339557939086e-01
3.902824893710499787e-01
-3.025239757914220395e-01
-3.074295496407227990e+00
8.714252466387280016e-01
2.221566462300157863e+00
4.210347404207310240e-01
-7.523946354843866757e-01
1.765756586340022638e+00
2.089309869784241158e+00
-8.940580968007532103e-01
1.144343632279062994e+00
-1.499257167219479214e+00
-9.896602306441678598e-01
3.098677397760963625e+00
-2.201942598992863154e+00
-1.665395108572979899e+00
2.880055477811307441e+00
-1.844268714775088469e+00
-2.213050762832502016e+00
1.194221662295271852e-01
-3.390460633345237618e+00
-2.302541828072034669e+00
-7.577379945701535613e-01
6.834075814684666961e-01
5.175605202222479662e-01
1.450380923540122824e+00
8.160727778243672681e-01
1.220051165898597967e+00
1.267315923284374923e+00
2.219959356146879781e+00
-1.493048792959585702e+00
4.644979087744791624e-01
3.130291532951320121e+00
4.696873841435396657e-01
2.955122516134084387e-02
9.767934561688015327e-01
-4.032004838518892242e-01
-6.111135498471234939e+00
4.275708476664072388e-01
5.055808376554749017e-01
1.623788196688982888e+00
-1.712144766675647523e+00
-9.992274714081168518e-01
3.699176189985170726e+00
7.449814284671254505e-01
-2.535963658647402585e+00
1.302827944650477576e+00
-1.247546864910520081e-01
9.495774545203060635e-01
1.916056231734557080e+00
-4.061293555113287823e+00
6.488914442050016662e-01
-3.062308363710741776e-01
-2.623194210497814982e+00
-2.425410756978008564e+00
-2.032340185582389047e+00
2.076865658113785873e+00
-4.638703976543696594e-01
-4.654013634434630009e-01
7.371448339855495302e-01
-1.618034321881903992e+00
4.132857955313974929e-01
5.667411366142520723e-01
2.143453738071236181e+00
3.536614502336004051e+00
-2.096995139924982432e+00
1.061165821176255797e+00
-9.527954623980108284e-01
2.812914923672550915e-01
-2.124578667980181912e+00
-1.708600631383885737e+00
6.032407023061212570e+00
-2.317094936968208785e+00
-3.462297666499994930e-01
-2.160210592759886361e-01
-1.413251529258753025e-01
-9.693964565829291669e-01
5.092676800066167075e-01
7.746382246378523684e-01
1.154392977156820654e-02
-1.669080313562522511e+00
-3.201004435179544139e+00
8.480919496869614438e-01
2.277066238058339243e-01
-3.815444785382885673e+00
7.384497689967393086e-01
-2.919312765715557312e+00
2.301131687279223126e+00
-7.561646255943332839e-01
-1.110811479487256115e+00
-6.471889055742976460e-01
-1.969209062150912848e+00
-3.901683492028842903e-01
-2.823221019163491885e+00
1.097644957152121403e+00
-3.518235209640274697e-01
-4.766188971030398402e-01
-3.008702866367992002e+00
6.571425641537234519e+00
3.173629321226070776e-01
1.505932222678704635e+00
3.726112068421058576e-01
-1.069162916538192176e+00
-1.607654860094323679e+00
1.814301603532102236e+00
2.874611533946240804e-01
2.119977868903701435e+00
-4.101634720221702501e+00
5.135824910802611498e+00
-2.388454266970877204e-01
8.747218576082589347e-01
2.999973986131106440e-01
1.303262672293667324e+00
2.173448364551024525e+00
1.481471445897671879e+00
9.883843981417785862e-01
-3.493422752102070650e+00
2.872281711448641861e+00
-9.813223675700518678e-01
-2.641894589921553460e-01
2.702808915255448113e-02
6.012402673468324465e-01
-1.712655446914969737e+00
-2.381467586517609814e+00
-1.435110008991696606e+00
3.433671121996553222e+00
2.105158101359202671e+00
8.230660262090047086e-01
9.458319593360020594e-01
-3.403817905544638811e-01
-1.972241432171520481e+00
-2.310230093487458891e+00
-4.531551563995346754e+00
4.010914537595699159e+00
4.762318957227794636e-01
3.553483104704322049e+00
-1.588267955327502257e-01
1.332309833744493299e-01
-3.217243625459629719e+00
2.707316942339315524e+00
-4.623345381110994801e-01
-3.191086529608263778e+00
1.423136032174464161e+00
7.314762768411655625e-01
-5.767996148409424428e-01
-1.247749815227622711e-01
-4.996858430176476240e-01
-9.363579085947044689e-01
-3.761155935989175081e+00
4.778925716823266834e-01
-1.099154043980794748e+00
2.651285945219070683e-01
-9.454219543574987616e-01
-1.522843911929882665e+00
1.008847460818724784e+00
2.943899278003072606e-01
-2.644990768183512309e+00
1.606754411747422395e+00
-7.829135991619137203e-01
-1.067691617768017354e+00
5.609946011787680931e-01
-3.692536132993699649e+00
5.092404633638434319e-01
-4.310585733792083318e-01
2.438249454259341087e-01
-2.198829093791276890e-01
1.681579492707178769e+00
-2.330172609393451055e-01
-9.064924706521715336e-01
-1.888617867457706545e+00
3.044217751092097135e+00
-1.772681297716160176e-01
-1.931792629631184699e+00
5.384869648903298778e-01
-1.045260962449215070e+00
3.560620743271859734e+00
-8.501682368313900895e-01
1.646607425785987289e+00
-5.351875642299688263e-01
1.542295876100510554e+00
-1.034366601548735165e+00
-5.950796224390686451e-01
1.921186039798309819e+00
2.385304458960328500e+00
-2.557945993953994801e+00
-8.843787269506198090e-01
-1.321377348477386526e+00
2.343814434076092912e+00
-2.285110307013321851e+00
-2.438317824745960816e-01
-1.109708505742106777e+00
-3.281977140837851969e+00
4.604819622608006258e-01
-5.341785142456179081e-01
-9.387260441546024792e-01
-5.762171205772597116e-01
-1.797959360872662504e+00
3.854749228334156896e+00
1.138796693491833434e+00
7.544865980166524100e-01
-3.037692815278059566e+00
-6.580021570832822464e-01
-9.357781752389155994e-01
7.650295641070814501e-01
-6.550196058789516940e-01
-2.684192617617374155e-01
1.355787820897713436e+00
-7.362645708531637134e-02
-1.290916143663104698e+00
-7.132039382363631885e-01
-7.127701138066979691e-01
2.395546664745666021e+00
1.026474181533143959e+00
-7.399866464478656036e-01
5.073472087643154715e+00
-2.537156153602102560e-01
2.684831425416553952e+00
7.051275170696559291e-01
2.401495436110333337e+00
-2.926621678293807260e+00
-2.713356298983680137e+00
4.189314908943033711e-01
1.817400235598679581e+00
-1.637573300859424263e-01
-4.823663730354850743e-01
-8.883817223773577965e-01
5.304678640731423922e-01
6.481433306733400679e-01
-6.400792819162782754e-01
-4.879006590960622836e-01
-2.406533238480339065e+00
-1.702216270165610279e+00
6.667026093740655579e-01
2.279844261418039864e+00
4.237365340437297956e-01
-7.009738184030513963e-01
-2.028170463928745004e+00
7.596568584227556542e+00
1.128958326169478221e+00
-6.575711822526055794e-01
1.152190369826167959e+00
-2.345609413774674579e+00
2.225120631720779452e-01
-5.760221861590226755e-01
-9.016280175397740626e-01
-2.971911170657509649e-01
-4.828201746594260602e-01
-7.963944424782211096e-01
2.706081860541446282e+00
-2.594642624743241921e-01
