7.022478648786550925e-01
1.507367366981584356e+00
-7.572893844981498646e-01
-3.945661888115085114e-01
-2.627372823102803512e+00
-3.208220529674233656e+00
-4.127594458206553241e-01
3.222422385663961109e+00
2.030637942400569940e-01
-2.847158666161221152e+00
-3.782205820793367312e-01
-1.622893383372435050e+00
-1.029285532709899531e+00
-2.182268773480838586e+00
-3.217024438490013072e+00
-3.354187531316731086e+00
-2.504722176699863301e+00
5.963180705297159712e-01
-1.233335345998713306e+00
1.276799267063681631e+00
-2.606258504018919564e-01
1.783306742215013951e+00
8.494593111519698203e-01
2.372253929048384169e+00
-1.212013730203670869e+00
7.940898084799982160e-01
1.130325413850340910e+00
2.938733167644750344e-01
2.817106987408418917e+00
2.007943198843629706e-01
-1.617148211039078687e+00
-1.642833542994411422e+00
-3.265391069035824545e-01
-1.601347465354166499e-02
2.872314653839270093e+00
2.819617750394909361e-01
1.093499135626193164e+00
2.826730828178316557e+00
3.665274824859962255e+00
-7.785803364011909533e-01
3.600572775012572002e+00
-1.483978342123853489e+00
6.634473254810767384e-02
2.973785566655243073e+00
1.642281538778322059e+00
-4.940714730385911579e+00
-1.170529990803334419e+00
-2.832348591314564956e+00
1.797369585445058454e-02
2.038631433805339288e+00
-9.625262792178099769e-01
8.228511667251121597e-01
-1.539804942000517984e+00
-2.796406399186790459e-01
5.288786504236869801e-01
-2.150550600734941309e+00
-2.992011847170302996e+00
-4.013878548910923882e+00
-2.148752572765288416e-01
-4.570029714085680483e-01
-5.899855689556103844e-01
3.829842602682428376e-01
3.768390947139107272e+00
-1.836044720080554526e+00
-3.556466371916717772e+00
9.402387303179716715e-01
3.558651570198388292e+00
9.579747715365314331e-01
3.786302070878159842e+00
-1.437533951499798679e+00
-3.819419239592131365e+00
-3.511623297179480296e+00
-2.705609209002475812e-01
4.373906082968461173e-01
-1.354694544783605403e+00
9.910302798692517401e-01
-4.673294402504997169e-01
-7.013735406121449079e-03
3.806037693784802833e-02
1.473845189098785813e+00
-4.855930616521542120e-01
2.080861803899641149e+00
-1.588675551678531361e+00
5.695642559818928086e-03
-3.440255708213229902e+00
-1.948773130348539606e+00
-2.051406894797349167e+00
3.845441380635504558e+00
2.515228004876086665e+00
-4.692777685663567788e-01
-1.829178453131951265e+00
4.755154847817297248e-02
3.070170526258073185e+00
-3.409475134379805761e-01
4.842339644902548534e-01
-1.129508648951231597e+00
7.689174045434625793e-01
2.300772301556416544e+00
-4.704814280689622041e-01
1.510094261573808438e+00
7.570426185262580709e+00
-1.620211085178502319e-02
-2.514399005864155878e+00
4.561500940250446057e+00
-1.970388717912141541e-01
9.022633878306387523e-01
2.698899245891008825e-01
-4.275573857631462360e+00
-9.223358530237764086e-01
-4.966289617192558126e+00
1.553366723596567800e+00
8.171749417777053326e-01
-2.230038161481452619e+00
-1.926750573543740908e+00
-4.094165718722622138e+00
-2.129891441479847547e+00
1.354780797300228379e+00
-4.376348446648425039e+00
-4.941536554106302770e-01
1.881950894985126688e+00
-1.836399099944424851e+00
1.125931417792962019e+00
-3.560902735517316731e-01
3.122940085478676853e+00
-1.358226217835251770e+00
1.447317951166398942e+00
1.934572569559893096e-01
1.728787406193712739e+00
7.228025142306758077e+00
-1.782779934528583299e+00
-1.227085909410220665e+00
7.401205428716626233e-01
-8.750858767645672831e-01
-1.657268057791556837e+00
-1.653535808011201924e+00
-5.995471940037570002e-01
2.606873085720352368e+00
-5.439959559739206973e+00
1.081256588380179684e+00
2.572813264551339962e+00
5.827514222126912724e-01
-3.419280108268672347e+00
-2.750719375261900357e+00
-4.649164347857115409e+00
9.396940074639669183e-01
2.050062975286238487e+00
-3.192567693670719103e-02
-1.992288077950828962e-01
1.752208999568430348e-01
1.163219976025851587e-01
-5.213175102280938056e-01
6.227716178636499844e-01
2.942849706139419652e+00
8.065325782504609298e-02
-4.814298158403835792e-01
-2.465943198732867714e+00
3.589481001835370666e+00
-2.311316092167947644e+00
-6.674335964857978087e-01
-3.246013625229770216e+00
1.735852894549422043e+00
9.472455010780906903e-01
-9.642194318647857587e-01
1.490290743188351863e+00
3.416522915556907236e+00
2.256613727979755790e+00
-3.715525375215713133e+00
2.833116608125819946e-02
6.750744718915104858e-01
3.157348567845867926e-01
-4.189239972930182354e+00
-2.886991564082226791e+00
-2.582860390471805601e-01
-2.071858233925457426e+00
-2.233360928550822688e-01
1.926191424669047858e-02
-1.869548245826486266e+00
-1.321008000385234471e+00
1.797346397541327523e+00
-2.767710249974737913e+00
-7.619834782843488696e-01
7.541266240661164133e-01
2.348981813827289766e+00
-1.855182406242721571e+00
-3.265617136741388649e+00
8.071533257966311270e-01
-6.584505576495844892e-01
-4.304718519079468564e+00
-3.632937962850812941e-01
3.089149922135933091e-01
-3.088465932712266770e+00
3.170238472710723565e-01
-1.213518192133719253e+00
5.346090790911530721e-01
-5.776630038868832973e-01
-1.037203769644797990e+00
-3.931540186250530589e-01
4.245604633756763668e+00
5.605995494883647678e-01
8.421353795763725225e-01
1.830617518303439661e+00
3.896510614291587959e+00
-3.351219196086537178e+00
3.021652368566106972e+00
-3.799100153483736975e+00
-9.441246254713157038e-01
2.140607909770375183e+00
-7.480576057389188849e-01
7.538344735316451217e-01
1.851071815405811449e-01
-5.240843648164060786e-01
-2.094451603171706144e-01
1.180128176447958976e+00
-1.871936557464583817e-01
-4.035994516787398290e+00
-1.133556653722005425e+00
-1.346142091246656181e+00
1.254364867565068264e+00
4.350698314044277204e+00
-1.735139328184072571e+00
-2.006101801830088682e+00
-4.280059232101547373e-01
-2.256476073486045619e-01
-7.128854999519043112e-01
-1.648673561484917949e-01
-1.097603751800540373e+00
3.686522286922914171e-01
-2.849803054944939351e+00
-1.544490181261753303e+00
-1.128659334957731630e+00
-9.839219358512082403e-01
-1.569942373544440384e-01
1.680688433761049205e-01
3.732825374455026601e-01
-1.615750105090377087e+00
-1.510630576406534198e+00
-8.163102413242089295e-01
2.147141266881997801e+00
-1.307657364357854402e+00
-5.303156096514050066e-03
-4.964475497927605119e+00
2.505676595429369158e+00
-1.686413760329080080e+00
-1.475278837673894339e+00
1.392503217684522676e+00
1.951986736718798188e-01
9.293286246949172824e-01
2.256476763064693802e+00
1.491538309487227876e+00
-7.081187342661100503e-01
2.391707810060500705e+00
-2.431130188686024152e+00
-1.017539034367659134e+01
2.271315701555982169e+00
-4.443567460201780506e+00
-1.406209735279652540e+00
1.479994550740486359e+00
7.895551939740097502e-01
1.502973822923225011e+00
-4.291010144221342748e-01
3.910292747100341249e+00
-8.289647330712197615e-01
-2.888536708396055808e+00
-1.078141509751210814e+00
-8.793998746966235069e-01
