Best Solution: [[ 0.53681665  0.50812396 -0.04694633 ...  0.19534632 -0.16552954
  -0.34684568]
 [ 0.74209193  0.21161179  0.49677492 ...  0.29042368 -0.17832547
  -0.23859914]
 [ 0.43023012 -0.19513308  0.45182971 ...  0.12127738 -0.07868155
  -0.20209046]
 ...
 [ 0.38300519  0.16338687 -0.28581113 ...  0.03013759  0.10377823
  -0.23670661]
 [ 0.32964214 -0.07532378 -0.2381332  ...  0.23219397 -0.15281561
  -0.25903803]
 [ 0.60282382  0.29235479  0.27970039 ...  0.19376294 -0.17832548
  -0.23859915]]
Best Fitness: 79.229351
