1.298716826830853543e+00
-1.081555899538360732e+00
1.461984927872337803e+00
7.682634839296700324e-01
-1.518403302782664666e+00
2.409987925409639686e+00
3.416805030122447295e-01
-5.706292931337224594e+00
-9.860919731744145489e-01
2.259409925377001915e+00
1.963704352525617036e+00
2.108304314535056345e-01
2.759884534331940920e+00
1.955690840556091548e+00
-5.115158818489096149e-02
2.136601677117050180e+00
-2.542848684751417565e-01
-1.147651804973992828e-01
1.252105768033638489e+00
1.599217285648241837e+00
1.068092217845885289e-01
-9.309805542447441296e-01
-8.582378217658891417e-01
2.608413579827522089e+00
7.510417664403140625e-01
4.386391318380307602e+00
-2.336203615914692389e+00
5.153760972369745286e-01
-1.885350630818436679e+00
-7.971329880377197030e-01
4.210587324618440874e+00
7.170786480625300774e-01
4.338341396959773943e-01
9.252553437554472682e-01
6.651353060750958557e-01
-2.351007336182190155e+00
-1.085480237630829681e+00
1.027422533618828515e+00
-1.026416955294597644e+00
-2.854176817429622037e+00
-1.657297238285186713e+00
1.675083104146944946e+00
3.169955879561969780e+00
3.309583400513979035e-01
2.326150625332521482e+00
-1.457717075004113516e+00
2.152061436434953290e+00
5.399861249208973035e+00
-1.271465845771209413e-01
-1.229813217068675746e+00
-1.072594241191624498e+00
3.157655292421118531e+00
-3.691837141292504842e+00
-3.833352018623513713e-01
-1.492654817316758198e+00
-1.500117874626547776e+00
-2.779228163917441652e+00
-1.106437212867516617e+00
6.740753784530987280e-01
-8.376841933141587759e-03
3.452887337639485299e-01
1.601352466495564453e-01
-1.231970328712122809e-01
-1.694884099653563014e+00
1.011562286058445892e+00
-7.315144505573815126e-01
-1.347704869006858708e+00
3.925812360090404352e-01
-3.228848175156842970e+00
5.102629680908230547e-01
3.489337620093662551e+00
-7.771794960784292883e-01
-2.099309535239390900e-01
3.924601410404819468e+00
-4.888756655821678565e-02
1.788159920995421315e-01
-2.955513857067518235e-02
-2.207389077801463984e+00
-2.512509525302021540e+00
1.672329916941687422e+00
1.163804029160528719e+00
4.003456952025427062e-01
-1.354993974699495674e+00
-2.429473373275401471e+00
9.835111507678403475e-01
-9.853668921413207826e-01
2.825604090490942411e-01
-1.048206281788863992e+00
-1.327144057907176045e+00
9.744711419402179997e-02
-1.781244738160406405e+00
3.628448893251972063e-01
-2.552876615185474485e+00
1.464205705710001082e+00
-2.232844900227414442e+00
-2.014907179908146606e+00
-3.977445176118532544e-01
-1.723400764742959224e+00
2.875936211649503083e+00
-9.679593863347863980e-01
-3.518193532389241263e+00
2.751646651307811720e+00
1.546803533972890721e+00
-6.564103394022860472e-02
2.465601049870514705e-01
2.155011588136145129e+00
-2.087724365585112540e+00
-1.095164011015931305e+00
-1.140526940706015457e+00
-2.533681685321497845e+00
3.298523255846055879e-01
-2.510075052770129655e+00
5.354464898804844886e-01
1.329983262549977674e+00
-2.418713991036558930e+00
-1.155072209275912476e+00
-5.041067222040991336e-01
-2.061876895290828404e+00
-7.173892222974548316e-01
9.967049485918155760e-01
2.172491164240083261e+00
-1.517955688408619386e+00
-2.540677177843173595e+00
-2.290508224134721882e+00
-1.155947319211808155e+00
9.113218725634504302e-01
1.272959285351422665e-01
-3.296016206311804808e+00
3.054869767403010083e+00
6.729108228393871904e-01
-4.223304897794319390e-02
-1.827626695736225937e+00
4.292503961554862135e-01
-3.841696423603971677e+00
-7.396998184097985929e-01
-6.030026148867860591e+00
-1.417723483067430346e+00
-1.637106875918404203e+00
2.173390524373399302e+00
7.872811514709490144e-01
-1.487912155759496979e+00
2.357412624648782096e+00
2.664940889705466720e+00
-1.406466063340107431e-01
4.297317851772924691e+00
-8.998323584028744548e-01
1.183872312458138509e+00
2.586541129156570307e+00
-4.875106506234221371e+00
-1.172869625003058192e-01
-3.465505667477666307e+00
-2.757814037889666725e+00
-3.562048497115846590e+00
3.916436170285011453e+00
5.004998872361349216e-01
-2.130054552483387820e+00
1.111755022985502883e+00
-2.696057151109485961e+00
2.620269772851000045e+00
1.740404788204587883e+00
-1.006522700616626187e+00
6.651614098583636947e-01
5.395488526605680679e-01
7.819147365386854842e-01
-8.730416654802513055e-01
-8.118748848980741339e-01
-1.798037471487007322e-02
-6.882587881011963393e-01
1.571279555272548256e+00
4.647172415233040255e+00
-1.561042151329572469e-05
1.665141548393391790e+00
-1.207275870630304615e+00
3.418413337278892516e+00
-8.967991252056274343e-01
-3.685307636214009808e+00
-3.060710110450486354e+00
-4.837140512269890169e-01
-1.821483788831948836e+00
1.304541786744477294e+00
-1.885132332852117676e+00
5.974076573580745508e-01
-5.008449088503980073e-02
-7.734985522622991883e-02
7.396886657188278535e-01
-8.886810752233469390e-01
-9.790409779140003543e-01
-3.659159045556359846e+00
-9.765464364251367213e-01
-7.243057506585850458e-01
-9.020115518481836014e-02
-2.129141057369474677e+00
-2.472824930614005989e+00
-7.070864543168677852e-01
3.974719659446514619e+00
4.034593981389635875e-01
-2.680440382594712290e+00
3.841053669119587899e-01
-3.223326733122635623e-01
-1.128049909828913400e+00
1.410690869824718696e+00
-9.846623250127016780e-01
-1.450370053458074571e+00
-2.588723437564280361e-01
1.239572328794559031e+00
8.420690000852987245e-01
2.983554803588345017e+00
-1.020899569145876207e+00
2.386087028539655375e+00
1.813491400379880769e+00
-1.991856865671980614e+00
3.067148182127195977e+00
1.628562113349491192e+00
-2.680019870979044039e-01
8.432863818868734096e-02
-1.656607085393704715e+00
1.960020495443218214e-01
2.919635069347770173e-02
6.033254042164181818e+00
2.393188740301002149e+00
2.309161010966915839e+00
5.137214793825678250e+00
-5.770237869799543784e-02
3.064995435691766357e-01
-1.277982535899758298e+00
4.445968430095587287e+00
1.053230191006573557e+00
-2.001153731172137906e+00
-4.184355480100515834e+00
2.796123680479165596e+00
-8.936478049977157889e-01
2.811092680930176169e-01
-7.096527536833927563e-01
2.320045809718245700e+00
3.280980224312134430e-01
-3.580813735433475919e+00
6.338643439520261769e-01
-8.271317600458854002e-01
-2.003677490032603536e+00
-1.163179155033516876e+00
2.975934763489355817e+00
-3.390237804742435301e+00
-3.096850170879433151e+00
6.687274577125305042e-01
-4.412100439266404273e+00
9.418133390006901973e-01
-1.691571270576435637e+00
1.318774123649384844e+00
7.786914669179718196e+00
1.151806346981072426e+00
-1.304718347477806129e+00
-1.819555983512795683e+00
-2.259476287905076486e+00
3.788898672318069538e-01
3.309666935022392398e+00
1.436974791541334451e+00
1.609515105567475457e+00
3.570105744586284935e+00
2.812500586903550759e-01
-4.970576301614901826e-01
-1.038672748265693002e+00
-1.795600509556394719e+00
1.019066983148686267e+00
2.153245273627788947e+00
-2.297300781585218665e+00
