1.267258739809465240e+00
1.614648461077043962e+00
1.910654717435486427e+00
-2.166906662578255149e-01
-2.546028591473967206e-01
-3.565943940633282128e-01
-4.970378182158480262e-01
-5.164289951717353500e-01
-8.029331393180128007e-01
-1.623709255816432995e+00
7.185119760085092455e-01
-1.413681457806740038e+00
8.883075774392645840e-01
-3.219976257945498244e-01
-9.916439366072359318e-01
5.092777724997865629e-01
2.272373710578798334e-01
2.231934543416363992e-01
1.008213408710975090e-01
1.162413092137430048e+00
4.291383988006866601e-01
2.489427710246345793e+00
9.102502736633231173e-01
2.312224222453194145e+00
2.240351527402784981e+00
1.587506803891522766e+00
7.461014727077460718e-01
5.624723093381552852e-01
-1.305756581848763087e+00
-8.694791571166338162e-01
1.017632368190988235e+00
-1.297115705804906982e+00
-9.641122515085609468e-01
1.112695703185680784e+00
-5.830742375406643419e-01
-7.054246445100029739e-01
2.287535647836548502e+00
7.359688369259648200e-01
-7.337215610690919210e-01
5.745983664520737388e-01
-9.377724861092844311e-01
-1.487292474438678624e+00
-4.631630785065447009e-01
1.375515511180029460e+00
-1.443346786263230763e+00
4.406957464633245447e-01
1.319031891456917460e+00
-1.745077548242333521e+00
3.630287620519955460e+00
-1.381615074888530081e+00
-7.651787282471192775e+00
-7.081938230430844250e-01
-3.068463043544089608e+00
-1.538544736658634893e+00
9.630520209943107535e-01
-1.214590448926695210e+00
-1.096647678439785834e+00
9.743019443438336036e-02
-3.301086358013972100e-01
4.530084665419835122e-01
9.591779464987036929e-01
1.802480385194555890e+00
5.905111319436547046e-02
-2.301971253778720694e-01
-3.817095715399440592e-02
8.518115962939327712e-01
3.891581371566174563e-02
1.789966428558122380e-01
1.056699234620705141e+00
3.893174413497552666e-01
-7.365448971414559898e-01
-5.100586268205345997e-01
5.459389722367560815e-02
7.353287288813502298e-02
7.130948298039113675e-02
-1.547893102322843495e+00
-1.594257332873995736e+00
-5.249823965883942956e-01
1.131858308722974771e+00
-7.805467312265130797e-01
1.141527126570216932e+00
1.790915425600389244e-01
-4.106681313333275241e-01
-1.073398694756602989e+00
3.116667576800911110e-01
-1.922445060498723990e+00
1.557750215644801983e+00
-1.685250195061579470e-01
2.149517788717212330e+00
1.369785696196157421e+00
-5.804495774272274700e-01
1.565812002229412192e+00
-8.584906004993895223e-01
-7.201008759879305998e-01
-1.386204902641186010e+00
1.073739196259743567e+00
7.458330623243316637e-01
1.117492891303546010e+00
6.191278847610034219e+00
-8.428715100608695776e-01
-1.277277583654357951e+00
1.198986234700269327e+00
8.542451015341374632e-01
1.738258544287199781e-01
9.365379405777153332e-01
-2.483502678713782608e+00
-6.547925283946263164e-01
-2.003182428998994680e-01
-3.835318864659159055e-01
2.240473544172895681e-01
2.595332855503769132e-01
-2.396956890317833155e-01
8.955630593439520837e-01
1.837531837433274307e+00
4.578517855694039240e-02
-2.488556580527080619e+00
4.619357840857530872e-01
6.214967773518291494e-02
2.036411883024095371e+00
7.392391962843665176e-01
-7.480129848538342729e-01
1.112873248407668519e-01
2.764572222056508322e-01
2.305632288058947044e+00
2.031318185199249005e-03
2.837559535035163449e+00
6.151448850416696423e-01
-1.413106015326737186e+00
-1.483196285889737398e-01
7.984658110336665393e-01
-1.638619106830811800e+00
-4.808444575399380971e-01
-1.505009079550519990e+00
-7.287328204957188582e-01
-1.186051965651092388e+00
1.140568793087270549e+00
-8.794284416283992822e-02
8.412748127830294020e-02
-7.270415774228649930e+00
-8.192357804295389290e-01
-2.550528367557527432e+00
-7.678181574962644751e-01
-3.627947004961437627e-01
2.548887447630276415e-01
-2.213989811849910172e+00
1.182690426978628251e+00
1.354383821539589527e-01
-5.896899696099653365e-01
2.394180625782293959e+00
1.695470427836604621e+00
6.983259366404070967e-01
1.732067371937139999e+00
-6.654247777237138894e-01
7.580529319871312510e-02
2.635906723692531539e-01
1.120215952697790174e+00
4.466787214434791431e-01
-8.205753820266300513e-01
2.840646515341518213e-02
2.202959627380309371e+00
-1.992591147364124460e-01
3.741867157602764005e-01
2.958326021399089178e+00
-4.970822983861886701e-01
-2.694501754862372866e+00
2.296737145390918000e-01
1.693699767359206909e+00
-1.119413281700031515e+00
2.321373116149864635e-01
-3.100256348721432076e+00
2.097357901478062558e+00
-4.555515425174312405e-01
1.214018606122984290e+00
-8.755027405140931585e-01
1.025441854298916100e+00
-4.344553722062902690e-01
-4.117567182902394651e-01
-3.164092997067748936e-01
-1.128523576738985623e+00
2.182377424490429263e+00
2.595603127539123367e+00
-6.163701588162469047e-01
1.028826251375279055e+00
2.476193848482652615e-01
2.489515801899145342e-01
-1.789979612897135697e+00
4.017901201966448399e-01
-2.718153507027759375e+00
-4.090870148538236495e-01
1.580885665967300735e+00
8.029306601209114380e-02
1.308297987529617679e+00
1.466731354047204006e+00
9.652567112462797638e-01
-8.398234754549477321e-01
-4.795315245796970549e-01
-1.103561137133299841e+00
1.249166132651542638e+00
4.291135889165036410e-01
-1.928505733198302152e-01
2.091054458642940705e+00
8.065869713750445369e-01
5.745411411359485632e-01
-2.464808978007781093e+00
1.132792147919339687e+00
-8.516361305655958391e-01
-5.243481185348497498e-01
-2.520495743784231801e-01
6.780689844883025508e-01
-8.297904750783904326e-01
-1.541876791796823687e+00
2.306621459998082213e-01
1.212000750740554356e+00
-3.096710565974123974e-01
8.141390291261814127e-01
-1.770144947299267635e+00
1.882842873022463337e+00
-1.700162421924238165e+00
-3.654485271311425643e-01
2.458473524842298641e+00
3.377634782429567162e-01
-3.845435618654218235e-01
-1.731562501682252453e+00
1.113406312142603216e+00
-6.163193068486032544e-01
-5.553132232660765721e-01
-3.224516583488173938e-01
2.349946759575501365e-01
-1.365744157691765326e-01
2.994784303752227483e+00
-1.194154258363570698e+00
7.558683213229742126e-01
4.907663486155744437e-01
2.701864361649152224e-01
-1.682576159609526556e+00
-1.425442812749065702e+00
1.111496404857065246e-02
3.643203201273560232e+00
-8.177946392492363437e-02
-2.376823278261998240e+00
-6.451313632531001652e-01
-2.313193518190438114e-01
1.873560746102444607e+00
9.668051007487910020e-02
9.075395272675483849e-01
2.803794885770498624e-01
-1.243021911439904814e+00
2.487251031278749025e+00
3.970974205036685578e-02
-8.319036431395652187e-01
-2.734031268653961622e+00
2.394718574348767282e-01
-3.619204851738692108e-01
-8.116221753942503003e-01
-2.334060629932526165e+00
3.229819259648906704e-01
-3.380190199220034497e-03
6.050897007544672190e-01
6.302026519261141879e-02
-1.350488075388749376e+00
-9.074067522448802103e-01
-9.554686431006619296e-01
-4.834351283060370208e-01
1.508328387391749903e+00
-8.160985657642697566e-01
