1.097814321648233005e+00
3.481884245058488148e+00
1.677998124286055104e+00
2.070565117817205980e+00
2.104213148300725589e+00
1.646702073100047459e+00
4.421311230933429037e+00
1.449811113255302875e+00
-1.928223070952154172e-01
-3.269454524352147784e-01
-1.486082171034036614e+00
-5.412993105880459233e-01
3.358076800661998762e-01
2.393436812811349679e+00
4.214539063173070033e-01
-2.200931588865200794e+00
3.379368380931928595e-01
8.487039390638707603e-01
-3.044627708066998562e+00
-9.429230610093856102e-01
2.027470015445879348e+00
-1.910385682192292212e+00
3.104138085592664797e+00
2.477435412592232933e-01
2.671897008563371312e+00
-6.047877847744174140e-01
-7.400988525965395581e+00
1.691230803194085919e+00
2.008463861483122059e+00
-1.880524337311477723e+00
-2.553938718738507863e+00
-9.534064230739809354e-01
-2.277006276561114539e+00
5.468348205302545617e-01
-8.355748905764871504e-01
-1.532742668518001672e+00
-2.650795845129002348e+00
1.487981790989018283e+00
-1.829379425825591987e+00
-2.224971613655408187e-01
-1.520462914240196639e+00
-2.425419265923998591e+00
-2.207772353878235894e+00
-1.865572309791492689e+00
-2.439036020767515911e+00
-8.364474667662314955e-01
-2.292766428473792528e-01
-6.410711064130245607e-01
-1.195928232359196597e-01
1.267059306672726038e+00
5.305589012831164464e-01
7.775334914356435423e-01
-3.974784862389699192e-01
-3.603485608539974017e+00
-9.871879348343759464e-01
1.466588067123652639e+00
-9.322171506501842897e-01
7.783410510031564256e-01
1.426487910865346098e-01
-6.179941674980857780e-01
-1.794879969858459434e+00
6.621920742532303450e-01
2.196493091242260332e-02
5.555388839098369669e-01
1.669524075224446902e+00
3.612057213852162274e-01
-9.909241640117825156e-01
3.498836422555663184e+00
2.064998603792880805e-01
2.450092056541202989e+00
3.649615273224656509e+00
-2.289828154437846042e+00
-1.290356606006677342e+00
9.479118306732815524e-01
-5.175222130586801805e-01
-1.299470667296582782e+00
4.493747289465930272e-01
2.081677713603839130e+00
1.703822810448780922e+00
6.433094000814354452e-01
2.706281205152995639e+00
1.000242727693326339e+00
-1.048139348253307901e+00
4.936512826227801298e+00
-7.516912257434833489e-01
3.626544193930267390e+00
1.422088257700896419e-01
1.703617944558185160e+00
-3.705310370968253886e-01
1.351987479039826079e+00
-8.270778238045933817e-01
1.504099303689444778e+00
1.245924210110355812e+00
-4.489810342869501980e+00
-3.770506546340348097e-01
6.246402235205662512e-01
-4.413046683588103036e+00
-5.045592419558323272e+00
7.952110498879924050e-01
-3.779928161815613752e+00
-7.735278964404542767e-01
1.839159563613206316e+00
3.955892738711220602e+00
2.152225693765116965e+00
-2.441552668764817857e-01
-4.455654979369895741e-01
-1.258074515201955901e+00
-3.365039822315510909e-01
1.023346362768972062e+00
1.744241591620474763e+00
-2.686646619113274292e-01
1.431239525503076315e+00
-3.021901748426981893e+00
-4.787724108530918565e-01
-1.826361273419485176e+00
-1.297348043159453901e-01
-1.172236706806117912e+00
-2.212344828937815588e+00
-2.298743904186827614e+00
4.221041535744117223e-01
-1.751809811452890386e+00
8.364422206379291680e-01
1.417841128582360000e-01
-3.080293923702037251e+00
1.306180835925989436e+00
-3.745503432357826790e-01
5.746345193742054269e-02
-3.280667330463767351e-01
6.329941970039691945e+00
-1.959482508019746438e+00
-2.470877375069684412e+00
-2.021753527883174417e+00
3.317666730153089882e-01
6.695347500616092296e-01
1.309974361905682505e+00
-5.020483526159823517e-01
1.690950381766837263e-01
3.488507908513904798e-03
-1.130020219630797129e+00
1.881044101603790653e+00
-6.566621549426505666e-01
1.392992740510010652e+00
1.373839125250503779e+00
2.508147731975129524e+00
-3.937417947959952480e-01
-2.817539953443572553e+00
6.033022208992737667e-01
1.860871465363426736e-01
-8.203246291161601089e-01
-7.271587969858677170e-01
2.535908701587436642e+00
3.212270107204252323e+00
-6.147065139880055623e-02
1.182660454957900953e+00
-1.427098780742143802e+00
-2.165834102723134702e+00
1.043461264917362685e+00
-1.766697276891749935e-01
3.060804268337252942e+00
2.462404481536932532e-01
-5.469237497653175462e-01
3.388274428283710171e-01
-1.003777218323753440e+00
-6.416322501530938860e-01
1.512178931916526636e+00
4.384783551072294339e-01
2.711070837658965615e+00
1.317815735803684829e+00
1.599416671490539787e+00
4.649359779734651421e-01
1.137365929406073395e-01
1.060673402059287174e+00
-1.546832504048296419e+00
1.270305843236170240e+00
-1.034539922763591413e+00
-1.067123554138749597e+00
-9.423981049909237184e-02
-5.544299496378789494e-01
-2.839837911201769760e+00
2.173664497938305740e-01
5.980465255307811923e-01
-1.425337001238923706e+00
-1.415646211545565025e+00
2.166536714196490632e+00
-5.941074252157385605e-01
-1.020959927979777415e+00
1.146103842323533684e+00
-1.318636272097912787e+00
7.213011154948251180e-02
-4.070058150997773794e+00
4.818896426873273131e-02
9.694326432579614128e-01
-7.007198437937343094e-01
2.025222446618875072e+00
1.196529930675307440e+00
-2.483999168224853449e+00
3.150064421408789617e+00
-2.629328200214695044e-01
-9.662089660006806247e-01
-1.757177419072601054e+00
-3.175864946043465142e-01
1.540014913058381119e+00
7.898527575677989632e-02
1.141462110256545870e+00
2.115859211219313363e-01
-1.184073337371094103e+00
1.907959962008742405e+00
1.352621852579896089e+00
-9.645579657628511328e-01
5.949020915539565690e-02
2.829208039974003830e-01
-5.046338028983635704e-01
1.879623977936574653e+00
-2.776452475707043011e-01
3.544432197579712729e-01
1.798620266821617353e+00
1.109275992184971971e+00
2.429083883941959954e+00
2.473468582745550481e-01
-2.492583692223147018e-01
2.469357408964537370e+00
1.914619008097129260e+00
-9.270322791303963195e-01
1.124922966277357661e+00
-1.022947985234129220e+00
1.796416090940460064e+00
7.293061351541910708e-01
2.725169263674485087e+00
-2.565623639764930131e-01
-6.933119313029305619e-01
-2.521558622383105241e+00
1.676946444606767783e-01
-9.021606996817268520e-01
-9.615921048675837302e-01
-3.484693083138096226e-02
-1.054071818007681127e+00
-1.218600329370106150e-01
2.980975930095948190e+00
1.531181306358517236e-01
3.918337531793072981e-02
2.502486674163813873e+00
-4.168216644049909103e-01
-1.704732443667747566e+00
-1.124992425870756652e+00
1.367817246686927390e+00
-8.545564142108970085e-01
-2.674872144747440394e+00
9.101122204102046753e-01
1.766517879283843406e+00
-5.696042113169953736e-02
2.762979250419231869e-01
-1.124993585052017853e+00
6.212246634101893372e-01
1.409601525907348218e+00
-9.204361449220263003e-01
-1.480672026401759656e+00
-1.891621306778329681e-01
2.143131232297917244e+00
-5.626960203664749249e-01
7.182754487768955309e-02
-1.374506609934492918e+00
2.789791511194362972e+00
-4.330724251140482539e-01
1.169384391909025656e+00
-4.493875955209656325e+00
