2.706679470187479897e+00
-4.343490342388549030e-01
4.123873886620475770e-02
-5.703260850869120713e-01
-1.733778338891390991e+00
-2.550200771156469148e+00
6.099698876834522832e-01
-1.825399301656078777e-01
1.978521452919843826e+00
1.943802774587086168e-01
-1.022224714041174209e+00
1.011876905797214121e+00
-7.877309215664138886e-01
-2.776416801648055530e-02
4.433882438067976439e-02
-4.890427765585634301e-01
-1.659174888903071299e+00
-5.003920106453794148e-01
7.665364851606329966e-01
-4.564396287471490510e-01
2.393429834911544041e-01
-3.509824785305000749e-01
-3.828302675100688113e+00
1.314839670582772069e+00
8.637532454429144857e-02
-1.166777215639337228e+00
-9.429602454881652607e-01
-1.469565914321237177e+00
-5.429010575419030982e-01
1.398888284768566304e-01
1.291813476485458745e+00
7.017396171188565734e-01
-1.384945968470132405e+00
9.921656848351525504e-01
-7.907665808336773461e-01
-2.000457243197734769e+00
1.875524541265089606e+00
1.121067567557822553e+00
1.223842326115117118e-01
1.941952422190309280e+00
1.981347084118340041e+00
6.508835654379128144e-01
2.217479433409344225e-01
-1.558664629961820314e+00
1.764088506033489878e-01
1.027211751601956741e-01
1.977201990488382410e+00
1.455937738238523682e+00
1.933283983869554357e+00
-1.070919066076784221e-01
1.706663080718465286e+00
7.630487230397622334e-01
-2.329590947607397045e+00
-1.269353170079002835e-01
-7.451811836829759228e-01
-5.928050980388389624e-01
-2.568416983206885940e-01
-1.216628788471150635e+00
-1.573392170913627194e-02
-3.072784940583359603e+00
9.629964880396683913e-02
4.586807346432331123e-02
6.818883393032182383e-02
5.526824306897218375e-02
-1.344494170164755920e+00
-1.488332267885803750e+00
-1.567942850442808345e-01
-1.022571644630275500e+00
-5.365867319041787153e-01
1.623407775641736661e+00
-2.128347094652442539e+00
1.650266183817396648e+00
2.025281945518476512e+00
-1.577087854288307778e+00
-1.639456095846544059e+00
5.899415825380539546e-01
6.772403048839787942e-01
5.145484633395545071e-01
1.333568224224426002e+00
-1.856256919672226502e+00
-2.438331298429199379e-01
-2.303297554638050193e-01
1.618249435365725519e+00
-1.597571089428902358e+00
1.492376894746167415e-01
1.176396983230364901e+00
-1.143314777036232632e+00
-6.996826088290012402e-01
-1.392107794586747271e+00
-3.249783198849205690e-02
1.573938765374355730e+00
-7.412401005192472692e-01
2.053373299850190570e+00
1.666487057780849934e-01
-2.109584317715110569e+00
1.563546352056720962e-02
6.547088567985077656e-01
-6.131618327116663547e-01
6.295591385012090369e-01
-3.145332194844316365e-01
-1.043137470494218100e+01
-1.994789821649035177e+00
1.023801958179427096e+00
-1.556837908225499723e+00
-1.948857783713355829e+00
-4.626700544691183525e-01
-2.626165016341281522e+00
3.631116903685659980e-01
-8.836528739913206421e-01
-6.288612864420333182e-01
-1.304943657597637197e+00
-2.729708773021165769e+00
9.074380269221266060e-01
1.300331560585674451e+00
-2.159374844315792075e+00
2.157580933411495649e-01
-8.920514529274889970e-01
-2.693253886323913271e+00
-1.504964966219165090e+00
2.625226642514241870e+00
1.671900385890715324e+00
-1.997524943643197437e-01
-1.771235502772583459e+00
-7.448366776688282453e-02
1.107507499264838852e-01
-1.369799832182211574e+00
-8.501367134667372483e-01
1.881200247264828374e+00
-2.521595796786022081e+00
4.986210791470330195e-01
1.611643207149641155e-01
9.999039001543549299e-01
-8.440367871308359637e-01
5.125366792733110355e-01
1.703730856021266948e+00
-1.778887264147708924e+00
-1.355016119207377745e+00
1.741027478614507906e+00
-5.387623813432657061e-01
-1.723559486077315794e+00
5.248555189863051140e-01
-2.020503688653242147e+00
4.601234090678953392e-01
2.558410106990185451e-01
1.598738594975335214e+00
-5.827728449804168154e-01
-8.438734808929061471e-01
-1.433922844683561681e-01
-2.089930848889816062e+00
1.798023731849047069e+00
9.852537880432152839e-01
2.632566576690176241e-01
-1.065041134298307712e+00
-1.763388583875685978e+00
1.173904947730407322e+00
-1.839951582673923447e+00
-1.013857499486445102e+00
-3.256930117670930436e+00
-7.557021115169808567e-01
-6.729669114384329021e-01
1.217011872370841852e+00
3.011951919513394110e-02
-1.580156231830455171e+00
-2.300968680671063193e+00
2.447898600288638260e+00
-5.051082960122257881e-03
-1.355889890430520273e-01
5.251215645595026515e-01
-1.987054310346981323e+00
8.269785897443048261e-01
1.106205817723193485e+00
-7.776619705340805100e-02
-7.904113080151011772e-01
-1.945356559629682458e+00
-5.684622699644604760e-01
-1.191720692211961641e-01
-5.852742344054563395e-01
-1.721598035914928326e+00
3.836636282359829342e-01
-1.083669556566641212e+00
2.787586663114140606e+00
3.727257070584845122e-01
-3.219773950940051366e-01
-6.700669952996570755e-01
2.500492193205982261e+00
1.266699435592675421e-02
-5.881042447039931398e-01
1.653971139858114947e+00
5.089049119642981012e-01
-7.956533080709515815e-01
2.269589596000066045e+00
-5.926922384573320157e-02
-1.751115695602434297e-01
-6.234407089537085112e-01
-6.892352172151899881e-02
-9.451520092153924413e-01
2.806667191897391778e+00
-5.748471476253814716e-01
8.268202697219094732e-01
-1.127468719524534535e+00
1.944654624220314432e+00
-2.831380517078717851e+00
-7.870294694963799742e-01
-1.626843000927853833e+00
-2.165382887015903091e-01
4.993571901085854803e-01
-8.418169540592305156e-01
-1.325315502757463682e-01
7.168969891449493426e-02
-2.473462387604136836e+00
-1.447281746416513304e+00
-7.384097585082426418e-01
1.511251217745323894e+00
1.358840052588941694e+00
-5.060637030630337208e-01
-1.192955642233987978e+00
-7.629963322825108474e-01
1.391435664906696790e+00
1.262348507378839191e+00
-7.258517710109427812e-01
-1.487065348396694020e+00
-1.871948139859720694e-02
7.522340044544453264e-01
-5.221679814971855738e-01
5.080011020548977907e-01
-2.033756452420027117e+00
1.168904135787196319e+00
5.981462888048256765e-01
2.760591401906991593e-01
2.021000167705313821e-01
-2.280799745702559722e-01
2.886492390750468484e+00
2.496841511398451008e+00
1.673739775397546481e+00
-1.703292472450170236e-01
-5.405446087838512437e-01
4.917047072023807974e-01
8.639337187302583709e-01
7.741676377648540885e-01
1.914282063912799758e+00
-2.017125349107168120e+00
-1.155041740504680003e+00
-3.950278893419303938e-01
7.330700044772967550e-01
1.313199554328547070e+00
-2.129540903126656115e+00
7.024289833972459096e-01
-7.638437618011963970e-01
-1.638412133422028516e+00
4.828889034068964414e-02
-8.986120172404131745e-01
1.183916179604236785e+00
3.007822958425517279e-01
1.824615472355634593e-01
2.154112991459139759e-01
-2.455529625995771514e+00
-3.005292908838149701e-01
1.176234230717487561e+00
2.527489355009663541e+00
-5.441549918029910948e-01
-7.653791764288903066e-01
9.523722964111067113e-02
-7.279484580397364013e-01
2.229460582511734845e+00
-2.118703577781166358e-01
