-3.754676102416449446e+00
4.960477319455580125e-01
-3.576675252430035479e-01
-1.073482790043939650e+00
6.067940413488117635e-01
1.276519591635366657e-02
-1.945445505766483230e+00
-2.924018251502495502e+00
2.274207634945175638e+00
4.452768398405950179e-01
-1.732188513590851020e-01
-2.333988517695531062e-01
-1.088097958495563233e+00
-5.071323543771774744e+00
-1.613674459901296654e+00
1.051455163507137636e+00
2.442817762634191148e+00
-3.291949493650225822e-02
2.113826174803454805e+00
4.197087568243298428e-01
2.553640874811950456e-01
-4.278245967946956441e+00
5.785697372715649101e-01
5.410904608911013547e+00
4.440083058753765854e+00
5.502094594133176919e+00
1.120893792512468234e+00
-5.740739067024911435e-01
-3.882317948127700924e-01
-1.691736483233749366e+00
-1.832387031475763095e+00
-1.963995567673396225e+00
6.219708604674234032e+00
1.447255602589801349e+00
-1.793557809826803018e+00
1.460484651660391098e+00
1.132989526519069479e+00
-1.658677457969361391e-01
4.461009180412816022e-01
-1.084035166651708515e+00
-1.903892347357293013e-01
-1.672182661113016389e-01
-5.612500966872382868e+00
-6.200662162947935485e+00
2.031401753148721401e+00
-1.121967219052905751e+00
2.675928325184395717e-01
5.290134401686331644e-01
-1.401170543072778329e+00
-1.374890435412640555e+00
1.460667124791968696e+00
9.888414868713738537e-01
-5.076503243082624017e-01
-1.221890098290437709e+00
3.652464956399380291e+00
-6.369933329027810398e-02
2.082536175804760858e-01
-1.424565178420281519e+00
-2.706202910390853589e-02
3.665339569413166299e+00
4.435357407014007824e-01
-1.383821068251323005e+00
2.834345112800052746e+00
-1.505791024984612925e+00
-2.989430829218824304e+00
-7.623188182475091335e-01
-4.481609228693428371e+00
5.286061170366885831e-01
-2.145964569149346968e+00
9.177328513931843901e-01
-1.945695588836704681e+00
1.178112595327850842e+00
2.011664032627446641e+00
4.239491323345718765e-01
7.288887747069433543e-01
-1.377104273872490126e+00
3.091341747799179362e+00
-5.256049433518814595e-01
6.563762466171071952e-02
-1.990344343948672989e+00
1.929293643919603174e-01
-3.542303418041540253e-01
-7.103220763134407978e-01
1.075365181981797758e+00
2.152311092132244585e+00
1.863673691319676973e+00
-2.118853845125130864e+00
1.001100006799525488e+00
8.367866526855747278e-01
-1.279283763675518548e+00
4.071693968591529433e+00
-1.613213764634337521e-01
-1.399573925159141030e+00
7.076460805326966197e-01
2.363030506892574323e+00
-9.541060467934310285e-01
-1.222611981408104231e+00
2.259404456337291922e+00
-1.040184331696626163e+00
5.474378317781098957e-01
1.424981862092566276e+00
4.894678282487809895e+00
8.726478247342104311e-01
2.747543673598776159e+00
-3.609867089938196383e+00
1.348790068818777499e+00
1.319944617279027010e+00
-6.243827589950894374e-01
-1.852618623904811246e+00
1.398717921125703256e+00
-1.621156326924070301e-01
-1.039152824874636005e+00
-1.935069065874377880e+00
3.897866298797103557e-02
2.731666769271838824e-01
1.944078874316973460e-02
-8.637157843593357143e-01
1.485343666672967355e+00
-2.242697562991901261e+00
1.876553583454799057e+00
2.771259395424985783e+00
-1.348672722168388294e+00
-2.664639520848227416e+00
7.824227361738098629e-01
-8.265435753523382445e-01
2.146769799447998395e-01
1.276700579094259380e+00
2.430652139571941817e+00
-1.289042836982530194e+00
2.249071254358998573e+00
-2.595798372049095804e+00
3.734118950932152181e+00
-1.833657278914813671e-01
-1.362015405576467164e-01
-2.686922784324577318e+00
-3.232214366417133777e-01
9.052827379399080998e-01
-1.326977631030774596e+00
-2.641706940344901167e+00
-1.011729400528693423e+00
7.470270118794291037e-01
7.398532949311231732e-01
-7.494059201539553516e-01
1.277476135018204673e+00
2.229806893099838261e-01
-7.311413701334529280e-01
3.069936453462978818e-02
-1.111277204791436546e+00
-8.727823691469538403e-02
2.322421498717361366e-01
-1.847763062323186434e+00
2.491447550632229113e+00
2.677115995508767110e+00
6.491729541228812295e+00
-5.265732492479777704e-01
4.672226567632822292e-01
3.345546730208878161e-01
2.044975825118374058e+00
-1.933346753394153072e+00
2.169732962058406600e-01
1.696823534896569896e+00
1.210366482367500662e+00
1.349867452847134830e+00
-6.571518649046163008e-01
-7.850803039563042374e-01
-3.745740652441610141e+00
-4.617498787174240671e-01
1.304166245333985064e+00
-1.472179882479971447e+00
-1.824580498084969582e+00
-5.693170410617265809e+00
4.613498984242743184e-01
1.735776645847146415e+00
-1.078669814490550438e-01
-8.457811657135686501e-01
2.066524282765199505e+00
-2.120008924503242742e+00
2.904669930609203199e+00
-1.435207960574031327e+00
1.020958091009006807e+00
5.444679930615865082e+00
-1.842707164408055265e+00
1.183524426497010396e+00
-6.250673020579962103e-01
-3.055842710870082968e+00
-6.665298597961427651e-01
-1.664807749112093171e+00
-1.412458199299719386e+00
1.185411564654488492e+00
9.283977883281737675e-01
-1.246741188672026768e+00
-4.662806239258068253e+00
8.205313643228997478e-01
-4.045931372991053432e-01
-9.721118552901153453e-01
8.116698463450473522e-01
-1.532276054342951166e-01
-6.457145853974495253e-01
-1.046164802172584452e+00
2.872897146723518702e+00
2.623868321164207096e+00
-5.239109696872882083e+00
-4.345722326979647443e-01
4.323281672402529807e+00
8.822606200195926007e-01
-8.684712260233271586e-01
7.611715105753428245e-01
2.032673856208168317e+00
-1.288733817438970863e+00
-2.501689352044208281e+00
7.469010790409286171e-01
8.875706500598389281e-01
1.252090849612424117e+00
1.730480072311439077e+00
1.744134710799247756e+00
5.309739025386857048e-01
1.704654830127872778e+00
9.221876746441493022e-01
7.321010970731527401e-01
-4.780127145267641930e-01
-2.454535268465811715e-01
-1.054787521122089178e+00
4.931301352296647011e-01
1.205493778702924290e+00
-2.817772748169919961e+00
-1.212138543955164405e+00
1.113552391367552824e-01
1.275780063605996162e+00
2.477337463372367932e+00
2.960497856510993842e+00
-3.676839933127414861e-01
-1.740291182959954552e+00
-2.899803480940938982e+00
1.282817648200033078e+00
-4.799349350819575033e-01
-6.800576607622773606e-01
5.869327918847211834e+00
-1.307447126079600785e+00
-1.581166020531248995e+00
-7.267072238603915491e-01
5.474308648266006827e+00
-6.435455115726402830e-01
-3.740945378777176811e-01
3.259503927987454475e+00
-1.904501498999391140e+00
-5.048752945488746979e-01
1.505070438690528700e+00
-2.775415569165364360e+00
2.666006654809465748e-01
-9.974652705251250140e-01
-4.467732295852118618e+00
-2.065093638201907833e+00
1.367446203491828882e-01
-8.957287818217514186e-01
-1.258746406014657149e+00
3.061071150262989704e+00
-1.121225693815285362e+00
1.755065574404600204e+00
-1.213966947206135405e+00
-8.669778378915078410e-01
-3.849970837462665663e-01
6.903915885903444405e-01
1.059048307683426282e+00
-7.662740707795085982e-01
-3.389706016570954716e+00
