2.250638670051704260e+00
8.001643380532497130e-01
-1.226109548244032732e+00
1.687022082706276294e+00
-9.411911554648152434e-01
2.685891773362563684e-01
8.094611714051004325e-01
-1.414799723299394740e+00
-1.940122895820040938e+00
9.581890034938347345e-01
1.737500894182150146e-01
-5.903122097339567054e-01
1.444680469411174784e+00
2.963373941007437118e+00
1.051013205306281062e+00
4.339248991456658849e-02
1.154599330979625638e+00
-1.071358035066162007e+00
-1.816420448618100592e+00
9.618189112918457129e-02
-1.299734587093785532e+00
1.184662075179987006e+00
2.282554456233800155e-01
1.687863880966309127e+00
6.460582388920570462e-01
1.537039908196589089e+00
-1.611577360490995758e+00
2.191774515342209462e+00
2.491118600409421013e-01
9.165392778353411707e-01
8.079948475993288248e-01
-9.982953374135108415e-01
1.515241701163410726e+00
-4.198037442977349820e-01
-1.129061391263538328e+00
-1.621444764338881850e+00
-2.430471340378261291e-01
-1.898803677179488947e+00
-6.626729670005102601e-01
8.305934946416247966e-01
-3.326626475726090604e+00
8.257742112910382293e-02
-1.544930362146583303e+00
-1.269273604579654435e+00
9.632224968392466558e-01
1.280356090190027496e+00
-1.631725070599528093e+00
-1.544629165976072693e+00
-9.628616884257377162e-01
1.335001547023491608e-01
-1.746648889096159341e+00
4.251879586116161791e-01
2.140246256542851777e-01
9.584550687299330241e-01
3.358817788476419763e-01
-1.359621926437375006e+00
2.039930035111259699e+00
7.283549514728722141e-01
9.467484871380686950e-01
3.685843595701898123e-01
-9.816982639409752576e-01
-1.689731901679848436e-01
-1.137805093317784788e+00
1.461897308898638947e-01
4.550007748839020316e-03
8.574497467475189483e-01
-9.238678532615812733e-04
-7.087245792852232551e-01
-5.269102761637374233e-01
2.527723386345093637e+00
-5.128550921368515425e-01
-1.493105455546271276e+00
2.018362561391254140e+00
-9.321010698732014044e-01
-1.684200749332566582e+00
2.649497073720301632e-01
3.595496685682859905e-02
1.249724907603344093e+00
1.225382093219917312e+00
-2.424733380409305195e-01
-7.130206360576804014e-01
-4.935008195407938336e-01
-7.545701953433221754e-02
-1.688230562858179518e-01
-6.878995306557948997e-01
1.167367801982816866e+00
-1.679184456126314728e+00
2.757842809557246033e-01
1.704522673501589036e+00
-2.636983085628492596e-01
1.329165002489813618e+00
-2.288456708614835744e+00
3.674544283036467740e-01
8.618838413736853443e-01
-4.763111624682700995e-01
-9.030380177607335579e-01
2.234624060117916811e-01
1.607594287523542054e+00
-4.751394989386163448e-01
7.203547887515719950e-01
1.378981787695016337e+00
-3.023760195587115174e+00
8.662223144016636400e-01
8.176940800774838980e-01
5.369655236148137556e-01
4.532544759167699833e-01
1.535648143337776439e+00
2.541313136135317396e+00
1.528714773346041333e+00
5.336841648986560133e-02
-1.219031015469719925e+00
2.168933134784339356e-01
1.888988118476461642e+00
2.672377106957564141e-01
-3.276624744960125041e-02
-2.486035131805381937e+00
6.457553459929991080e-01
-3.470356878885176855e-01
-1.574043170974813499e+00
7.124946941655818655e-01
9.990560753826753793e-01
4.849324777684125842e-01
-9.813310145649172256e-01
-1.717520016113016190e+00
-1.075932626934163583e+00
-1.758622167920704804e+00
4.841023323938163925e-01
-1.532694661214582865e+00
2.575556488629315854e-02
-2.825628262801872514e-01
1.873361409344340145e-01
1.772028950362890098e+00
1.052352940551015248e+00
-1.675414223193029351e+00
-1.121860801344453373e-01
-1.369598423879883953e+00
-7.466516016515095666e-01
-2.068498831654127734e+00
-6.434145346343067562e-01
-1.761546564318907881e+00
-2.741519995876330107e+00
7.797050750978751221e-01
-2.916953597549043042e+00
-1.034572138081431447e+00
1.876357112211682221e+00
3.236677989193181837e-01
-1.252534250733741805e+00
-3.683475649296544585e+00
1.386716552322915241e+00
-2.352890057394348700e-01
-7.994109662340356248e-01
-3.499308209990215635e-01
-3.654301893517719613e-01
1.563057046667786665e+00
-8.941420543144190658e-01
-9.178069167290288100e-01
-9.181937385661284035e-01
1.055223922810572201e+00
-4.354531807439560032e-02
-1.792544499738812913e-01
1.960829712260618640e+00
-1.077831059400481406e+00
-1.198337973861435035e+00
1.070484737903477201e+00
2.312423762277661332e+00
-2.976528882033791401e+00
5.267383278757274967e-01
-1.181550687425707125e+00
-6.272839824034517342e-01
1.772204619759242927e+00
-1.223614384493148854e+00
6.205004015607391565e-01
-2.552116886842887844e-01
3.608593170170548703e-01
3.342083195165435061e-03
-1.188765552759494692e+00
-1.108082966723928087e-01
2.742599812830034400e-01
-4.074299082558870411e-01
-2.532128001274179585e+00
1.371507621738348393e+00
-3.677778893801205040e+00
-1.116740412335265775e+00
4.075949636719320424e-01
-1.888063402939557989e+00
1.181241143241715363e+00
4.936450360211241256e-02
-9.904622895249167724e-01
1.779713619941205027e-01
-2.322915125405096148e+00
2.045730511738965141e-01
-9.561632616757184122e-01
4.836781681568302904e-02
-5.272071074677205926e-01
-8.492678586158174392e-01
2.298191632496442149e-01
-1.521881540249769849e-02
-1.887361854221303537e+00
-9.367924530980740183e-01
-1.824925270306798630e+00
-5.749187803247794548e+00
1.132922123926455304e-02
-7.658097770543443872e-01
1.247727634811691466e+00
2.906240890529606102e-01
-2.761747714409024113e-01
-1.563386557759320339e-01
1.691722143590602467e+00
-1.510707749889928841e+00
-2.415622372618081659e+00
-1.032279420796130331e+00
-1.708792796475457898e+00
2.719531991825042128e-01
9.653160856127320777e-01
1.952409403509836605e-01
7.385056480260113188e-02
-1.070970178089844627e+00
-4.649235764448786390e-01
-2.432409068499784333e+00
1.368955467251945501e+00
-7.083187261517527311e-01
2.973955260974012749e-01
-2.121306687692846027e-01
-1.064591191895080335e+00
3.976932598728405988e-01
-7.563607675129184749e-01
6.319595888911856418e-01
1.966397646144334432e+00
8.332938388322264078e-01
-3.394237193922577500e+00
-1.262458100494334268e+00
7.055580641931649133e-01
3.446647719431139567e+00
2.700410177441741499e+00
3.022112016465236528e-02
1.656930308070039271e+00
1.817606714844925975e-01
3.265475456082900241e-01
4.619424369226458049e-01
6.502070929976598856e-01
-1.214489733365605950e+00
-4.917698184276493301e-01
-7.271922316116802287e-01
-6.280816748213065293e-02
2.139367855688161235e+00
-1.286227004393209139e+00
-6.162233955251926742e-01
1.250254382019007959e+00
-8.489396916177354147e-01
-6.274784111815973064e-01
7.038740266821795766e-01
-4.319486141222403375e-01
1.715369892906296878e-01
2.981618098887559576e-01
2.051178891709129370e+00
-1.740111756104411267e+00
1.022365904893226402e-01
2.207535944014483942e+00
-3.056632309952895810e-01
2.661079671577945560e-01
-2.163821285697110075e-01
-3.088081593315215034e+00
3.407225269401867318e-01
-1.228661141859792805e+00
-1.243853185495541691e+00
