1.649522723698614579e-01
-5.198340987682608105e-01
-2.976541695591745085e-01
5.994221644244981384e-01
-3.858653797716882772e-01
1.345190611607331999e+00
-2.178443483719857410e-01
-6.688544007585882634e-01
-1.268072335282098839e+00
-4.456467768604699398e-01
-9.485840001407208621e-01
2.506894174751279625e+00
-2.055846754310216351e+00
-1.519324699382419430e-01
2.395336360305000856e+00
7.546188486867599909e-01
7.618754245428793759e-02
-3.225608539903541239e+00
-1.874186159677238450e+00
-2.337598518151102756e+00
-1.157376387653899164e+00
-1.283583094649642486e+00
1.948318685819491858e+00
3.929252082872268126e+00
-1.643357481342420767e+00
6.782711425538539007e-01
-3.150655372589204362e+00
-1.026442346896035307e+00
-1.086501681469420166e+00
-1.446052000264525184e+00
1.169730991669662101e+00
1.306753267025838605e+00
5.453540806333110336e-01
-4.357578483481294174e-01
-1.113067873403325858e-01
-4.175130712426348700e-01
-7.086036596541216426e-01
4.417186954875627070e-01
-4.419867365368281703e-02
1.523519947771221572e+00
5.141297700175640806e+00
5.261261584265390923e-01
-7.920707258941696027e-01
1.669887868556586996e+00
1.405962423419471641e+00
-9.032617088741837774e-01
7.742765667566211540e-01
7.103365585319113551e-01
4.514156925931003261e-01
9.922845445938810460e-01
-9.582152786612494477e-01
6.482428061041097811e-01
3.125136300261752709e-01
2.010012289478801062e+00
3.509817669431032794e+00
-1.386805071225202468e+00
2.738014535186217291e-01
-2.972625028998129859e-01
1.875253966930118033e+00
8.331355276528985832e-02
-2.063600208253615620e-01
-9.079935652012494085e-02
-7.785701542919515328e-01
-6.348609763867968381e-01
-1.123347626927472476e+00
4.537170063225485217e-01
-5.564486369970562674e-01
4.517789865740284849e-01
-1.702578163225464403e+00
1.305565050612990774e+00
3.536092953134837846e-01
-3.335179173191100244e+00
-1.770455048220720418e-02
1.421857088393432278e+00
-6.099827677745214283e-01
-4.408714845045688113e-01
9.135602373211748617e-01
-1.136216321466322343e+00
-1.288937254095608553e+00
4.932743132764771943e-02
8.446340835737395913e-01
-1.226806292823538813e+00
-3.369236598576738073e-01
2.560529051351873253e+00
-6.618006814685069017e-01
-4.856340746000864073e+00
-1.224583771451202008e+00
2.114702085990987968e+00
-1.032396831186472630e+00
-9.367739125885660156e-01
1.567832243785557633e+00
1.711226186152257966e+00
4.654437588028758621e-01
2.241193768338013204e+00
1.554464294605771180e+00
-2.608796207125136490e+00
-1.095978849089733531e+00
-7.612257446874587385e-01
-1.289693354420532234e+00
3.525560486712445707e-01
-2.913490744411864619e-01
-1.173872356035807751e+00
-1.368343512406818174e+00
-2.884905433561892329e-01
-1.910087549893294545e+00
1.259733374426151187e+00
1.600601150261500072e+00
1.237837873571398406e+00
-7.907688898269580324e-01
-3.820760661780926437e+00
-8.876929971947759013e-01
-2.844382510007114062e-01
7.177127951426406360e-01
4.161421039517054082e-02
2.472333768127970899e+00
6.915730865009652728e-01
8.555189342538451758e-01
-3.384079728004992793e-01
9.122324215131182301e-01
-1.853151458863201650e+00
-2.373042061111040324e-01
1.598985776480755572e+00
5.522740012107404395e-01
-2.369885981044707268e+00
-7.087684806439863427e-01
2.281141163671389915e-01
2.297311902639412207e+00
2.822945129169567857e-01
3.703116889111467414e-01
6.889003212455480085e-01
8.947533397953822965e-01
-9.773438566097556457e-01
-1.641837090227186158e-01
6.867607308788802323e-01
-5.569320109424953369e-01
-5.848578568299912517e-01
-2.356104324838509956e-01
-5.482076135740629574e+00
3.650851450088087979e+00
-1.220033563243538177e+00
-2.506878030967900073e-01
-2.433766947878738818e-01
5.981940492774120433e-01
-1.602090776612475898e+00
-2.225859039470193146e+00
-9.307342151009085907e-01
2.313942349569926560e-01
-1.020973604899893111e-01
-3.591837466380112809e-01
1.138890001195353996e+00
1.853783548158275396e+00
1.015513739835869789e+00
7.871480761248563773e-01
1.449025525393822511e-02
6.057154496445781300e-01
-1.307257387750598632e+00
1.345070153576740646e+00
1.297961326356806833e+00
1.144986205080080088e+00
-2.342531164645976216e-01
-1.092495366293594339e+00
-2.305795709826949036e+00
7.008920748680734780e-01
-2.093939830456982065e+00
2.734977292819789962e+00
-2.758018800210615851e+00
-1.306695368777957444e+00
-6.251156587194194314e-01
1.644080771666400764e+00
1.230010630129210858e+00
-3.480981534181187831e-02
2.043094286854307384e+00
4.293070941113649397e+00
-4.175970788386234034e+00
-1.982527866000953098e+00
1.322840814434306678e+00
1.659636345187742501e+00
-3.511521965279865709e-01
2.064764211927845317e+00
8.801564615957838678e-01
-4.765495565363093711e+00
-1.241063163502350158e-01
3.586764870703582186e+00
-8.628084315738465682e-01
-5.447805971579050555e-01
-3.133123334266893489e-01
1.487330197651258512e+00
-2.154154674166064876e+00
1.734678236544541452e+00
-4.405079963256468556e-01
6.800172367501580162e-01
-3.095845060030982809e-01
-6.480301045894849565e+00
-7.695783923541835714e-01
-8.024972652027384523e-01
-1.677622313518630559e+00
4.271599823626151538e-01
-9.679585516001960599e-01
7.816426793518299609e-01
-1.372165087893332525e-01
-1.179605164501643877e+00
-3.268145939947064704e+00
-6.403273312923218885e-01
-1.258224003564349047e+00
2.567660353695696007e-01
-1.305500161300976458e+00
1.381706766700527167e+00
-1.176691405109755589e-01
1.746885870992154477e-01
-1.023358040031806748e+00
5.409072043587510592e-01
1.891341797433187810e-01
1.529394251187809362e+00
2.028867161134282338e+00
-7.024684230602242785e-01
-8.828411027093014951e-01
-3.971169230046830423e-01
2.513709505412355050e+00
8.151583360125465028e-01
-8.940337559483064744e-01
9.092972966222383491e-01
-2.101593973459177978e+00
4.074707556958019894e-01
2.606608589561643985e+00
1.485840619332766677e+00
1.712149486885597760e+00
-5.648026361446319976e-01
-9.515970110531020432e-03
-2.611974293014110327e+00
-1.329985046703634932e+00
-1.818368654943329998e+00
3.606540857209870499e+00
5.941088808490097017e-02
2.258558309334281589e+00
-2.785899579818059468e+00
-8.592625468952762580e-01
1.823213903698138294e+00
8.776895843262954022e-01
-2.311868687654340393e-01
1.068590340967540353e+00
3.998506923124176549e+00
2.158839067177426574e-01
1.226128492986819085e-01
-8.102923103262053006e-01
1.467998105492591243e+00
-1.460371657631757691e-01
-1.247986118148288304e+00
5.488713666530398161e-01
4.839127457524174392e-01
-9.696037247814721649e-01
1.516625123762274541e+00
1.222273704864017985e+00
-1.809083014614509155e+00
1.142105331676518398e+00
8.799306006165272365e+00
-2.964470419210430419e-01
-1.827138321199679727e-02
3.722903479580436104e-01
-5.116349156076532845e-01
-2.795376649532371971e+00
1.921041868337687586e-01
5.451347882923508470e-01
2.023706466546956406e+00
2.429073577901788017e+00
-9.554944416543960095e-01
