Best Solution: [ 3.00381895e-01  8.39088702e-01 -3.88167795e+00  2.21086750e+00
 -7.70081194e-01  1.74638686e+00 -5.54601640e-01  2.46456993e-01
  1.79235839e+00 -3.25702009e+00 -4.21467281e-01 -8.07105529e-01
  9.76247629e-01 -1.47598007e+00 -6.02978945e-01  2.86612548e+00
 -9.12397982e-01 -1.73856073e+00  3.03988940e+00 -2.10830274e-01
 -1.27305119e+00 -8.25221572e-01  5.70720860e-01  3.58707184e-01
 -2.02716507e+00  1.38955060e+00 -3.59169953e+00  9.34812720e-01
 -1.63601883e+00 -1.04203476e+00  1.20064699e+00 -3.10952585e+00
  1.62380910e-01  1.51364424e+00 -6.17959632e-01  3.52959678e+00
  5.84520550e-02 -3.98209611e+00 -4.31823055e-01  1.79964177e-01
  4.40838283e-02 -3.24344587e+00  2.82609278e+00 -2.02636798e-01
 -8.79735266e-01  2.75259434e+00 -6.52526974e-01  1.63205177e+00
  1.23589168e+00 -1.22789650e+00 -1.39301535e+00  1.71031833e-01
 -1.07566865e+00 -1.98750035e+00 -1.99460463e-01 -5.48722206e+00
 -1.28214338e+00 -1.49966197e+00  1.78506414e-01 -3.40787654e-02
  4.04619509e+00  5.34606704e+00  1.13534886e+00  7.66594725e-01
 -2.51690238e+00  7.33776171e-01  9.24930151e-01 -8.52588139e-01
 -2.20159928e+00 -7.37260245e-01  1.27495852e+00  1.29489247e+00
  1.08822976e-01  9.07343202e-01 -1.84201333e+00  1.06229681e+00
  2.22521836e-01 -5.52384400e-01  6.90851892e-01 -4.97992918e-01
  8.51781832e+00 -5.78679812e+00  7.41798995e-01  1.94863367e+00
  2.38381229e-01 -1.24277489e+00  3.39516351e-01 -7.42428027e-01
 -3.07085342e+00  2.06757060e+00 -2.43526308e+00  7.43099393e-01
 -3.40759940e-02 -2.33032013e+00  1.53704545e+00 -4.44100864e-02
  1.34671477e+00 -1.18512161e+00 -6.65580887e-01  1.31416456e+00
  2.89433231e-01  3.22609336e+00 -2.39624573e-01 -1.09489017e+00
  1.07276833e-01  2.36603147e+00 -1.02644590e+00 -1.83420283e+00
 -3.29026173e-01 -5.69967503e-01  2.38908024e-01 -1.61534613e+00
 -3.13850459e-01 -1.89635042e+00  2.75538651e+00 -3.89953422e+00
  3.02762487e-01 -2.76884501e+00  6.17298195e-01  1.18357715e+00
  2.48868035e+00  5.68045738e-01  1.95989929e-01  3.41136237e-01
 -6.19450890e-01  9.37098864e-03  4.73299374e-01 -3.86828758e-01
 -1.33512440e+00 -2.73112726e+00 -1.85699313e+00 -8.13616044e-02
  1.05359021e+00 -3.08629355e+00 -4.16366311e+00 -1.26960954e+00
 -3.29982329e+00 -3.05212606e-04  1.05931201e-01 -4.98765910e-01
  3.31909086e-01  3.11289817e-01  8.06110551e-01 -1.86114879e+00
 -3.31958436e+00 -3.44817548e-01 -3.05074285e-01 -1.11489647e+00
  5.82164554e-01 -6.16306752e-01 -3.24248375e-01 -1.30276392e+00
  4.05048819e-01  1.79291594e+00 -3.56235027e+00 -1.23226381e+00
  3.73269279e-01  1.40026639e+00 -5.02891334e-01  2.17702873e+00
  1.38744882e+00  2.56942147e-01 -1.88645888e+00  1.77085767e+00
 -9.44629164e-02 -1.09081940e+00  9.36077607e-01 -1.68661368e-01
  9.24063834e-01  3.42417029e+00 -9.16813678e-01 -6.70748578e+00
 -5.77673628e-01 -2.47388535e+00  1.54542899e-01 -4.53131264e-01
 -1.48785060e+00 -2.75814114e-02  1.70373300e-01  7.71489315e-01
 -2.72180417e-01 -2.64963487e+00 -1.81609793e+00 -2.94678625e-01
  2.95884261e+00 -1.67473011e+00  8.39039639e-01 -4.14119067e+00
  8.14417798e-01 -6.24482249e-01  1.16294456e+00 -8.43769887e-01
 -1.97533377e+00  1.60965363e+00  2.92056374e+00  1.46088326e-01
  6.51990146e-01 -2.60122365e-01  6.65408492e-01 -1.71602734e+00
 -6.34435746e-01 -7.01347621e-01  1.51702129e+00  8.90275617e-01
  1.78898779e+00  1.05317592e+00  3.30442264e+00  8.08120065e-01
 -2.27653491e-02  3.09284963e+00 -1.52776970e+00  7.46900426e-01
  1.18771357e+00  4.78775223e-01  1.27518268e+00  1.13119517e-01
 -8.09752631e-02  4.54432388e-01  1.03383444e+00 -3.92945186e-01
 -6.96019758e-01 -4.73802915e-01  2.20084126e+00  8.27093033e-01
 -4.98259462e+00 -8.49199087e-01  1.98600678e+00 -5.98082413e-01
 -6.03766378e+00 -4.58889664e-01  4.46075464e-01  6.82600535e-01
  3.68872242e-01  3.38032937e+00  2.90465589e-02 -9.96686071e-01
 -2.81147780e-01  4.55248353e-01  2.55457368e-01 -9.62305816e-01
 -4.48199926e+00 -1.36010194e-01  2.58350291e+00  1.41550353e+00
  7.59573449e-01 -1.21322440e+00 -3.86139310e+00 -6.51747003e-01
  2.57538460e+00  2.67910896e-01  1.36021933e+00 -5.28732949e-01
 -9.12763702e-01 -9.09746252e-01  6.59595892e-01 -1.28116619e+00
 -4.82204042e+00  2.24352756e+00  2.33386718e+00 -4.18348473e+00
 -4.05058276e+00 -8.68631813e-02 -1.33306674e-01  4.31395215e+00
  3.53163024e+00]
Best Fitness: 89.328152
