Best Solution: [-1.00000000e+00  1.00000000e+00 -2.98313097e-01 -6.53726042e-01
  5.06920662e-01 -5.96271646e-01 -1.60579288e-01 -1.00000000e+00
  9.22077968e-01  1.00000000e+00  3.11638973e-01  3.15620039e-01
 -1.00000000e+00 -1.00000000e+00  5.93204303e-01 -5.18463453e-01
 -5.85661226e-01 -5.91592072e-01 -6.98536243e-01 -1.38190369e-01
  2.84620651e-01 -1.80926348e-01 -1.00000000e+00  1.28701145e+00
 -5.85917911e-01 -1.00000000e+00 -8.58752328e-01 -4.94307223e-01
  5.49117277e-01  7.37894169e-01 -3.84156122e-01  1.00000000e+00
  1.00000000e+00 -7.44000000e-01  8.40395652e-01  6.00000000e-01
 -2.12076383e-01  1.00000000e+00  7.69373946e-01  3.44270246e-01
  5.89294606e-01 -1.70177260e-01 -7.00114088e-01  7.49295086e-01
  1.00000000e+00 -8.31473032e-01  1.04966273e+00 -8.00832876e-01
 -1.66697499e-01 -3.14039474e-01  1.00000000e+00  2.19510927e-02
 -8.75447311e-01 -1.43293576e-01  1.00000000e+00 -2.02027499e-01
  1.00000000e+00  1.00000000e+00 -2.54276954e-01 -5.18535956e-01
  1.00000000e+00  2.18036031e-01 -6.71808522e-01 -4.44606800e-01
  1.00000000e+00 -8.19567317e-02  1.00000000e+00  3.93781741e-01
  8.80231092e-01  1.00000000e+00 -3.81754697e-02 -1.00000000e+00
 -1.00000000e+00 -8.82168895e-01  9.22070574e-01  1.00000000e+00
  3.94350115e-01  1.77425101e-02 -1.49728755e+00  1.00000000e+00
 -1.00000000e+00 -8.65123290e-01 -1.00000000e+00  1.21051945e+00
  1.00000000e+00 -1.00000000e+00  2.63558499e-01  1.00000000e+00
 -1.61624344e+00  3.77679129e-01  1.40105624e-01  1.00000000e+00
  1.00000000e+00  1.00000000e+00 -5.33156368e-01  1.14681548e+00
  1.00000000e+00  1.00000000e+00 -2.37816555e-01 -1.00000000e+00
 -3.06180903e-01 -1.16412108e-01 -6.46626751e-01  1.00000000e+00
  1.00000000e+00 -9.52777113e-04  1.00000000e+00  1.00000000e+00
 -9.97684667e-01  3.95439785e-01  1.00000000e+00  1.00000000e+00
 -5.80781386e-01 -1.09398989e-01 -3.88845222e-01  1.00000000e+00
  5.87971597e-01 -8.62300849e-01  5.28213594e-02 -1.00000000e+00
  7.47043650e-02  5.19191910e-01  1.00000000e+00 -4.20350196e-01
 -8.28987146e-02 -1.81853697e+00  1.00000000e+00 -1.19199440e+00
 -7.69005345e-02 -1.35036818e+00 -1.00000000e+00  1.96585645e-01
  1.00000000e+00 -7.02709240e-01  1.96419856e-01 -1.00000000e+00
  1.00000000e+00  9.98963379e-01 -1.00000000e+00  4.44284004e-01
  1.00000000e+00 -1.95259066e+00 -5.32246506e-01  1.00000000e+00
 -3.41412092e-01 -9.26419329e-01  1.00000000e+00 -2.35546122e-01
  7.32480010e-01 -1.00000000e+00  1.00000000e+00  8.27815722e-02
  1.00000000e+00  7.14629261e-01  3.16577540e-01 -6.67771899e-02
  1.00000000e+00 -1.28075540e+00  1.00000000e+00  1.15829098e+00
 -1.00000000e+00  1.00000000e+00 -3.74834671e-01 -2.52981164e-01
  6.00000000e-01 -1.00000000e+00 -4.59857896e-02 -5.11263558e-02
 -7.29926542e-01  1.00000000e+00  7.63955799e-01  3.63091406e-01
  6.31062767e-01  5.48551939e-01  6.30158325e-01  1.00000000e+00
 -1.00000000e+00  1.00000000e+00 -3.98719343e-01 -6.83231974e-01
  5.53557220e-01  3.99349648e-01  3.72073147e-01  2.90278230e-01
 -5.43429731e-01 -1.00000000e+00  1.73261151e-01  6.81832908e-01
  3.79360324e-01 -1.00000000e+00 -1.00000000e+00  5.16127686e-01
 -1.00000000e+00 -5.21908139e-01 -9.72221049e-01  1.00000000e+00
  1.00000000e+00 -1.00000000e+00 -9.07640953e-01 -1.00000000e+00
  4.36422636e-01 -1.00000000e+00 -1.34863615e+00 -1.00000000e+00
  6.86083159e-01 -2.53530978e-01  1.00000000e+00  1.00000000e+00
  1.02401003e+00  1.00000000e+00 -1.83069957e+00 -7.36018063e-01
 -1.10525112e-01 -8.91169893e-01  1.00000000e+00 -6.33825391e-01
  1.00000000e+00  2.68261054e-01  1.00000000e+00 -8.69628502e-01
  1.00000000e+00  1.04725511e-01  1.00000000e+00 -1.00000000e+00
 -6.37468120e-01  1.00000000e+00  1.98720936e-01 -1.00000000e+00
  3.83675112e-01 -8.13751402e-03 -1.00000000e+00  1.85025072e-01
 -1.00000000e+00  5.27145596e-01  1.00000000e+00  1.47028434e+00
  4.59920353e-01 -5.30332099e-01  6.41165272e-01  9.27817948e-01
 -8.25189570e-01 -3.54579994e-01 -9.13354056e-01  9.90660965e-01
 -7.45158037e-01  1.00000000e+00 -1.00000000e+00  1.00000000e+00
 -1.47697688e-01  4.56011370e-01 -5.23679413e-01  1.00000000e+00
 -1.00000000e+00  4.02588266e-01 -1.00000000e+00  6.98664278e-01
  7.29749284e-01 -9.84876599e-01  5.88105750e-01  9.29693278e-01
 -1.00000000e+00  2.05362034e-02  2.92437315e-01  5.59270046e-01
  8.85576608e-01]
Best Fitness: 93.202788
