1.596343733396444531e+00
-1.671926275330620770e-02
-1.386341712694004469e-02
5.661750202517894515e-01
-8.323939547028665897e-01
-6.693686767730414600e-01
-2.946392012490310908e-01
-5.631409074886725152e-01
-1.363987719719505387e+00
-2.272401956915541255e-01
3.064669068657026596e-01
-1.646938159093368770e-01
2.475680671787454101e-01
-2.213841222209190107e+00
2.393710597629007952e-01
-3.553752297336676413e-04
5.036416389500384394e-01
1.192196094928391625e+00
1.536307116566437037e+00
-1.152950690442156589e-01
9.692600657416539089e-01
-6.582534908357187686e-02
-5.046708159817042683e-01
5.201876896599434419e-01
-1.972570065385347071e+00
1.404586137887916975e+00
1.420054008659344280e+00
9.081638070989506151e-01
4.407345841420657884e-01
-1.491414741634465413e+00
9.477787033504236902e-01
-7.370954099189706010e-01
1.747403057756802713e+00
-2.574028306795068666e+00
-1.341157232743024341e+00
9.880657573458716258e-02
5.953795721970660537e-01
-1.441706975809865066e+00
-2.193252426540482247e+00
3.982405704629997101e-01
1.422564857237563762e+00
2.290410032024521869e-01
5.136390559757293417e-01
1.112694118486290407e+00
-4.654197293271989389e-01
-1.027806813642879069e+00
2.218013234642096099e-01
1.790629140111103523e-01
4.375924317165059141e-01
6.741808273653201455e-01
1.295011428358906480e-01
2.808139652614886211e-02
9.042367323809057389e-01
8.409859499290559537e-01
1.643889774079319022e+00
4.015299805056076199e-01
9.804950483155999708e-01
2.142586164011134109e+00
9.187114504103602863e-01
3.128720951832625885e-01
8.363300174087558991e-01
9.214144513077549004e-01
1.024735143987254959e+00
-1.735594588914154857e+00
-6.516004395880433675e-01
-1.123444217659250510e+00
9.330916089919213396e-01
-5.330253760240777350e-01
2.062604956964474989e-01
-5.998466335709412567e-03
1.566185435320341712e+00
7.208612456841405614e-01
1.688587496549988964e+00
1.704953249406966354e-01
-9.221498409806176966e-01
1.615270205716767382e+00
-7.600369733006775430e-01
-6.889953953651260787e-02
5.118626990834637125e-01
1.557924030918279301e-01
1.547444947877566701e+00
-4.223703053186252110e-02
8.743674166740559306e-01
1.157456083283950221e+00
-8.243131742940721374e-01
1.771488586850169522e-01
-3.955030065432096342e-01
6.312102003956149288e-01
-2.062200659275301162e-02
-9.703608197248617118e-02
1.016642988359767852e+00
2.034408923514950285e+00
6.474893835985932045e-01
-3.025440131867147109e+00
4.861414401258759566e-01
-2.056824958841024092e-02
-9.258243361149967043e-01
3.393300252491174840e-01
-3.639248778493953118e-01
-3.297471811791534146e-01
1.098245518450217673e-01
-6.445781848632846645e-01
5.351869775155128073e-01
-1.893593231922285014e+00
-1.006879407107944768e+00
-1.315120585603331893e+00
3.391533305018105682e-01
-1.859191151205791037e+00
-1.003550719125560903e-01
1.451149853135852208e+00
-1.518308396643618829e+00
-8.974285638467693893e-01
2.416945113552843583e-01
1.027062532031893349e+00
-1.158084617163311680e+00
-9.124085797830805422e-01
1.863372053625150571e+00
1.373826400870020947e+00
1.259264463506630793e+00
7.478514199718813149e-01
-2.777887011428625375e+00
-6.464268792471272729e-01
5.439033743101477913e-01
-2.120379437712195392e-01
-2.601281848949719144e+00
1.490247650223742060e+00
-7.793061161742785847e-01
-5.511146705402538704e-01
-1.301930964896795828e+00
-4.050594128225682988e-01
7.351786578359909008e-01
-1.413636872272512779e+00
-1.878063930336563603e+00
1.461253873332123421e-01
-1.470336466273840292e+00
3.817215551278831387e-01
-1.020476898701075275e+00
-1.963764607803873963e-01
5.032456568052460222e-01
2.681730833888265053e+00
-4.909577815979198623e-01
-6.994342791569809759e-01
-1.212339221849343396e+00
-3.199513188764293581e-01
-1.504697525042977824e-01
1.444161600837115644e+00
-4.751171514245412508e-01
-1.603598796666747761e+00
4.415088751184861326e-01
1.567654866854066853e-01
1.487691631632211076e+00
-1.790842634633514008e+00
1.038393540275420523e+00
-7.915271232761155185e-01
1.893906314810270608e+00
-1.324476318718471157e+00
1.304629463790907717e+00
3.172918587922707867e-01
6.751932915420991721e-01
2.187117638041009837e-01
2.990569635679247718e-01
1.487552689858392840e+00
-8.055126268887026209e-01
1.040000829233703739e+00
-2.284346172811157594e+00
3.322766011370628658e-01
-1.037147285902346727e+00
3.969318707803383139e-01
4.602361519505899778e-01
9.139952068619672243e-01
8.963868557461031061e-01
-2.019402514145296479e+00
9.243567475618656715e-02
4.976940163962999542e-01
-1.396379795443287997e-01
-8.034371847051192672e-01
6.535682353184026072e-02
-8.470492056906046008e-01
-1.249966313352025793e+00
2.044441831762763839e-02
6.854760872200130750e-01
2.375362115954787967e+00
-1.679389481289280006e+00
9.354283626577951649e-01
2.343316216593938961e+00
-9.966644498176118194e-01
9.606473731711743236e-01
-1.532090269202156740e+00
1.124440201546070606e+00
1.509563087530221059e+00
1.677566433775992794e+00
1.289344472216752413e+00
-7.553991796148681881e-02
-6.590766204931205463e-01
-1.183740868988125694e+00
-6.231008396193954413e-01
1.890339264002420805e+00
-1.492805760139418680e+00
-5.273647159385775884e-01
-3.291524683048920319e-01
1.682136774569655602e+00
2.296830424766570788e-01
-3.984510038913195440e-01
1.471881069375541973e+00
-1.708157816168970111e+00
-1.682234718230166237e+00
1.435826412462878787e+00
1.295905891046514657e+00
-1.077308055656587049e+00
-3.566634889023420629e-01
8.220454423194361038e-01
-2.399730619052484470e-01
1.864011578902639465e+00
3.240207856239923689e+00
1.439000279822439943e+00
-1.690504996200264509e+00
-1.697940898628381490e+00
3.566016813462879465e-01
4.676236123334090444e-02
-1.129378348871658888e+00
-9.084751368071720679e-01
-1.041044042818755955e+00
3.441913169828324737e+00
1.294317660212602306e+00
5.230414554335423016e-01
-1.821564054056953763e+00
-1.122316473791984182e+00
-2.155257578345284308e-01
6.335124333019684362e-02
-4.763995586242190106e-01
1.438796931857806882e+00
-1.598292205238089680e+00
7.489653721308259238e-01
1.967579993359429569e-01
3.141805301720131283e+00
7.170955893365144052e-02
-4.562505859404221153e-01
-2.400949580834410568e+00
2.028768082032353259e+00
5.435404550328427620e-01
-1.286990208023858884e+00
-7.931089677028377305e-02
-1.436412525017932262e+00
7.390620868658501763e-01
-3.152946809823439778e-02
-1.444563185733558575e+00
-4.883650398148658978e-01
-1.773218782967904417e-02
-3.381930001931757745e-01
-1.661712230878184204e+00
-4.752654443594817035e-02
1.109149758505279415e+00
2.393680859871010203e-01
8.421676800397798202e-01
2.889473280334801941e-02
-1.057451189418875170e+00
1.058710239932814101e+00
1.431068385665364984e+00
-8.984193685396235640e-02
-6.163200515047052575e-01
9.398975307136870905e-01
2.230468098437369262e-01
1.405400802562123963e-01
1.217435828082041177e-02
4.678035752657741519e-01
