8.890720484758017905e-01
1.818135978049533474e-01
8.685015641078032145e-01
1.588812029551268934e-01
1.273072708058455016e-01
-3.885935209347105013e-01
-1.868873158226791176e-01
-2.067273627063215269e-03
2.326821880705800261e-01
2.368191957461065478e+00
9.043128354817401293e-01
5.360697119355651852e-01
-4.683392037045179812e-01
5.369098630298769770e-01
9.331120676102414579e-01
-3.356925573077358393e-01
-5.974235868315108666e-01
2.439157549506299816e+00
2.690865665809907270e+00
1.560327319919746270e+00
-1.233255277949518502e+00
9.000640385709893776e-01
2.177104744869570174e-01
-1.064313987920548321e+00
1.259518844364992118e-01
4.095912087576829563e-01
2.024176638291525637e-02
2.362493651382968629e+00
-2.122980518635324276e-01
-9.122570588439830042e-01
-1.144490411804601315e+00
6.576543167729609340e-01
-4.993483375199302410e-01
-2.156534866445910748e+00
6.172281832877840602e-02
8.616885549047684223e-02
9.762809206515743465e-01
2.909839476387811041e-01
-1.184528965735441641e+00
-2.148917045016798255e+00
2.796228363053957500e-01
-6.141441486860307331e-01
3.600373508977633419e-01
-1.290057138028841033e+00
3.706967331216920458e-03
-2.279620536423489163e+00
-1.583642931923426200e+00
-9.877749189991992251e-01
4.394141842858851899e-01
-1.844894857517698883e+00
-7.082478852975901962e-01
-4.774313276268093986e-01
-1.075314703185109355e+00
-1.243824240846237023e-01
-3.020085916289962924e-01
6.832689062814500947e-02
-6.208376798531560770e-01
-2.568614788183012920e-01
-5.333547846717270335e-01
-2.928079010558466005e-02
2.356826963080674631e+00
9.439808953400942171e-01
5.672556429139343770e-01
-5.594350411920706589e-02
6.944929992095713045e-01
-4.032609493966753111e-02
-1.161939838056112118e+00
2.458880901950432907e-01
1.358393680737518538e-01
4.509298835161994479e-01
-9.245565556683356112e-01
5.627499636134407623e-01
2.184455073625023724e-01
-1.540633571176953653e+00
-1.933095279643483599e-01
-1.746143596327358327e-01
9.892988725998542732e-01
9.853865855768326742e-01
-1.593935994512444720e+00
-3.695554374063549363e-01
-4.589634928820590098e-01
1.476408797708321785e+00
2.196849146083916515e-02
-9.183238574976920754e-01
-1.190368769321978437e+00
7.724359180534922098e-01
2.963970895850869813e-01
1.489232959134146883e+00
4.069341779778383184e-01
1.309078267976182319e+00
-1.647917397597069122e+00
-8.135980725739111463e-01
-5.569475097781102502e-01
2.777844827585810861e-01
3.943966625694434458e-01
2.137725723542294176e+00
-6.844000353015498861e-02
7.100826423254119613e-01
-1.906791045133178875e+00
-1.926418701538466838e+00
1.646820545891195808e-01
-2.246952142091073190e-01
2.133958274898590801e+00
1.992550445651741331e+00
1.433254505694551151e-01
1.297749636375357341e+00
-2.110754466401584928e+00
-7.998168750014447159e-01
-2.672671554274932859e+00
-1.292639679188051227e-02
-6.140481586241831602e-01
1.304726310059349137e+00
3.551983604344443046e-01
-6.148893121542582385e-01
-1.081865902631135912e+00
2.445679628664411409e-01
9.261869460138605348e-01
1.578668461553268676e+00
-8.893265024792580409e-01
1.670707420099351914e+00
1.254567639952049118e+00
5.145906157055541996e-01
-1.726533443177822105e-02
-1.006018231482016301e+00
-1.824190143452532720e+00
5.517858103278204807e-01
4.205975789073655768e+00
-8.658695451589705216e-01
-6.127430940874878385e-01
-2.591226771191687650e+00
-1.084854498094073083e+00
3.875691193413466351e-01
1.477412719328953905e+00
-6.574083695884334055e-01
-4.728038631189380725e-01
6.894913549279942933e-01
8.794570548749393035e-01
4.621152382330981911e-01
-1.602856835512997125e-01
-2.694281891356695852e-02
4.038076297367982903e+00
-4.749725272983080226e-01
1.354752080415869919e+00
2.153809982779834709e+00
4.600351400584001271e-01
-9.414586866821126332e-01
4.085269441285460879e+00
5.858750866543515068e-01
1.137829006026034318e+00
1.574410184563241888e-01
-3.526637392240459384e-02
3.699792784867760864e-01
2.817534647771464229e+00
-8.337061928272222755e-02
1.469299109201502862e-01
-2.846121640551361187e-01
1.023124791266295963e+00
3.180227194608919450e-01
8.662458697338584201e-01
-4.776431653673182676e-01
8.101973641545867633e-01
3.687845000773503079e-01
1.942921424603224922e+00
-2.043032744732376504e-01
6.774816153904141824e-01
-1.832830014705810751e+00
3.195455526256521406e+00
-5.050350475864151534e-01
4.003176395934679443e-02
3.271981167521025302e-01
1.679380964247490504e-01
2.521650367886973942e+00
1.230057513360409027e+00
1.749056415878079918e+00
4.716172633949518023e-01
6.678291939982226033e-01
-1.182712046046216603e+00
1.228257267328951574e+00
-1.456831287557364796e+00
3.246935454081361083e-01
-1.126116643646842552e-01
1.434725588865439216e-01
5.972372811964830885e-02
8.896973454114482927e-01
5.694496238743785854e-01
-6.241542582656739446e-01
1.622143624928831240e-01
-9.965634538493647332e-01
-5.196930549477867256e-01
7.127648043864285299e-01
5.160425088826264828e-01
3.334914705740155694e-01
4.110337030690949245e-01
2.979496399412308705e+00
1.813283214558963907e+00
-2.590793265385199495e-01
6.769081030492538620e-01
-1.063250834980621118e+00
4.467210967140902156e-01
-7.034689416943685769e-01
-1.828073658859772799e+00
-7.566142986711067442e-01
5.761317544106003830e-01
1.140497526365574776e+00
8.806762726909801442e-01
9.404035833697885760e-01
-2.470473897452502232e+00
-7.883213612657871128e-01
-5.882400075475797685e-01
-7.276756222919780193e-01
-3.193931812832472850e-01
-3.537156396504238520e-01
-1.040217280394181709e-01
-1.795584357524137309e-01
-1.237188062170608616e+00
-9.147405996588130472e-01
4.472493683496895911e-01
1.024161314729213623e-01
3.367737502020499152e-01
3.284406723563095820e+00
-3.550290493380221513e-01
-1.118721797192379297e+00
2.280467012662218407e-01
8.283869225540104742e-01
-5.203523386851058863e-01
2.006013372472802148e-01
-1.382489368988709666e+00
5.448499602791583296e-01
5.914590495190750197e-01
-2.099402318767387143e+00
-1.951599474938384482e+00
8.152218399705759566e-01
-2.444514778859173676e-01
-7.065565199486476544e-01
9.968118986937744008e-01
-2.469769863566448898e+00
-1.279065279706780967e+00
1.693523257506931001e+00
-2.014489677590819205e+00
1.411502435374131781e-01
-2.555064379089334037e-01
-1.357332160150560574e-01
-3.748310558471396048e-01
-4.534654067408307454e-01
8.287732040820882107e-01
-6.336734021629616409e-01
-6.812801136034463134e-02
-4.939626453766405301e-01
-3.885717819982995036e-01
1.305954427055506795e+00
-1.650993842750049012e+00
-5.060537191945122526e-01
-5.159719112622038750e-01
1.817229520137535470e+00
-1.051205790262928819e+00
1.724409683335482446e-01
-8.638681004711518119e-01
-1.705813907043941813e-01
9.550679162114374954e-01
4.673919537465885954e-01
-2.585855095376034640e+00
1.234092749265524480e+00
4.526106858937098965e-01
-1.185918742186859234e-02
-1.412545811589512201e+00
