5.625587646582442813e-01
1.493909810586750986e+00
-7.365764497220566032e-01
-5.897655397714960834e+00
-5.165099534716919294e-01
1.879271173090690805e-02
-1.296932773234727554e+00
-2.877147947854409082e+00
-1.139779172850091893e+00
2.542061616339712060e+00
7.020531646749814669e-01
-3.139396441724203957e+00
3.298926854104725859e+00
-5.614155701318971348e-01
1.681476097380127932e+00
-2.957424407164448876e+00
4.447246853639169606e-01
2.185303238884879207e+00
7.899791733589336395e-01
9.633074108742567532e-01
1.872165116313408317e+00
-1.079721975273703061e+00
-5.091503062216239384e-01
4.550995878332161348e-01
3.212621294880760869e-01
2.888374878908555488e+00
-2.100691333811471218e+00
9.656379163816414257e-01
4.056873229432771955e-01
1.510448677853416299e+00
-8.576937865788670790e-01
1.297452728350391715e-01
-1.222339058069140894e+00
-2.619496839009333833e+00
-4.945929692674427280e-01
-1.782825500332021473e+00
8.952636948993724086e-01
-1.316113956338055058e+00
-1.703273955365367742e+00
-1.999984106319743438e+00
1.351624648336780421e+00
-2.822829683271806722e+00
6.486755307633715883e-01
2.504587900675810719e+00
-8.834369227663489976e-01
3.847783658797807038e-02
-6.410641462878212682e-01
2.305311504348468432e+00
-1.065363344873361484e+00
-3.333821898812183715e+00
-1.715007508791945190e+00
-2.219594303505491695e+00
7.921660913308243845e-01
-7.732624292973931945e-01
-1.649383800668806910e-01
9.769917615108848485e-01
-1.302697411001364491e+00
2.626600443373042992e+00
-1.975280799929511888e-01
-1.191768244339024729e+00
-9.089475235202131298e-01
9.280073708967223611e-01
-1.758712191220035970e-01
2.426535140101331312e+00
7.175677097274094640e-01
-1.525091949669723501e+00
-7.616893561990536465e-01
-2.363667276633415248e+00
-3.298619352685941752e+00
-3.342933412881091915e+00
1.637185040694050908e+00
3.052936093269703610e-01
1.782886155235392511e-01
8.290347048826947063e-01
-8.366315496820263542e-01
-2.096762790102440377e+00
-1.047398028609411558e+00
-6.640041344229281606e-01
-1.740052386854741950e+00
-2.034062532749744800e+00
-1.725452646852798866e+00
-1.484354863342500552e+00
-2.664831472546676516e-01
2.084601323535510975e-01
3.481764872570933256e-01
-1.305567855606760030e+00
2.396363296445753299e+00
-8.843258778682158150e-01
-2.695761065219504538e+00
2.942726436187755867e-01
-2.954751005546686571e+00
-3.186559363342347684e+00
-4.907508921226796383e-01
1.227055438243854324e+00
-8.080985853184887713e-01
6.151571111210687448e-01
-1.096139097685315367e+00
8.015637504902543009e-01
5.316119189400481115e-01
2.597510100114213127e-01
-2.695571954270879367e+00
-3.278146398245780913e-01
1.157641161075385172e+00
-9.810539794881910636e-01
1.642296979596672424e+00
-5.297596854182916593e-01
-1.210463716940745338e-01
1.290269601791182552e+00
5.269336576832286401e-01
1.999061231976455577e-01
1.110607190453594129e+00
-1.562398080321143690e+00
1.731094073443648407e+00
1.387554532349618786e+00
-5.310509160003242357e+00
-5.389729224884709513e-01
-1.871035711384068545e+00
7.280025637462966825e-01
8.720303394367776573e-01
-3.393687556957273976e+00
3.390283785215420842e+00
-1.013556343151476691e+00
5.424047616336288291e-01
1.741055916468585263e+00
8.706851321322959247e-01
3.399419138104558868e+00
1.425347625833791154e+00
-5.632570036570558880e-01
-8.862734980146292907e-01
4.217492068322652443e-01
-3.485007885636934866e+00
-3.764570883127971612e+00
2.900633563917084379e-01
-1.743024894468030661e+00
-1.249003790522319912e+00
3.258321666576446951e-01
-7.168931843283621319e-01
1.859618297993112235e-01
-1.543896844068413238e-02
-2.199212488612618532e+00
1.143957036340091271e+00
-6.114192338045068009e-01
-2.339167532960481743e+00
6.275135084826481968e-01
-5.508811153947095196e-01
-5.229792733950360262e-01
4.526027629968916166e-01
-6.825857815666347417e-01
3.584412182088242194e+00
1.999062965762233191e+00
-9.541547094754538882e-01
1.094459325626279789e+00
1.841436178581120409e+00
1.817791655076326007e+00
5.688698517569275026e-01
-3.907695814908151433e-01
7.224626908958441396e-01
-4.108172241648885281e-01
-7.013574424256974194e-01
6.451405727786531097e-01
-3.659130485902847951e+00
7.075414165493570939e-01
3.410450288626401538e-01
-2.304996137164075698e+00
1.720558340125304120e-01
1.452651800109111768e+00
5.011343339665037533e+00
2.785946068387681884e-01
-5.350007575671988924e-01
-1.724449498027179173e+00
-8.081923987109326246e-01
7.754870199025147848e-01
-3.690300641841075535e+00
1.118957817254961906e+00
-3.846976249250773638e-01
-1.967248386690116257e+00
3.598697967589072455e+00
-5.919206658077923455e-01
-3.009990179762796370e+00
1.908826269894806082e-01
1.032999132582963719e+00
9.543297842822920929e-01
-2.397341134855569766e+00
4.515492304360966713e+00
2.418364441577914636e+00
-5.347233519941135826e-01
-1.866297791314225574e+00
-3.927774783542258286e-01
7.463578749905601661e-01
-6.041791033124321864e-02
3.233865266221905288e-01
-1.041579438976271144e+00
-2.112605101092375648e+00
1.604110854763182603e+00
-4.012686338824220100e-01
-3.161113850704528327e-01
8.933585008295873431e-01
4.915891789214694718e-01
-5.862323991613220819e-01
-3.022171194637613745e+00
8.193524662090038158e-01
-5.807432666107781305e-01
-8.316984906567342906e-01
-1.483216404256679555e+00
3.583959285285023832e-01
-3.931996796657605264e-01
1.221007813840444323e+00
1.174903551736836249e+00
4.742608594552454315e-01
-1.327605839380371133e+00
-2.641728252290179713e-01
-3.911722312402874380e-01
-1.052517228894554124e+00
-2.375718693449991592e-01
1.666303785833244566e+00
9.803042868817267719e-01
1.977478727402012693e+00
7.187769150103026083e-01
-3.103814782364036073e-01
1.248735482615080272e+00
2.999594432289850454e-01
-5.484828967448447390e-01
-3.644035711318528437e-01
4.390753871242240258e+00
8.285127883484674216e-01
1.418278282518235622e+00
2.258546608805159117e+00
-7.532977448193669545e-01
5.079069609538762187e-01
-5.992831029183499636e-01
-1.174023151581633950e+00
9.836462133601542313e-01
1.922601961849965901e+00
6.403086609035645027e-02
-3.308364321501512606e+00
1.691246688367119777e+00
1.427236164720294020e+00
5.718911123113589179e-01
7.430525967692135358e-01
1.814182579878931278e+00
-6.667400841757997743e-01
1.680717310419838961e+00
-2.826424195079547008e+00
8.208296552579609495e-02
-8.705579105591223499e-01
-1.270305622030979631e+00
1.714104746132617318e+00
1.252235135904208319e-01
3.433204541709253821e-01
-6.420978249881527766e+00
2.754611962446585904e-01
-5.559259277604807759e-01
-3.498661667843855905e-01
-1.777792641564628351e-01
-8.632035642716755219e-02
1.021496323201268597e+00
1.116369224302829477e-02
-1.476888002469413097e+00
2.782073508328986589e-01
-2.059273945902800662e+00
5.320494094462290269e-01
-1.048188153801843381e+00
1.112449961458479020e-01
1.360540109590936186e+00
-2.345727197523759244e+00
