-1.108030821051090853e-01
-3.136957480728615189e-02
8.755192747692500665e-01
-3.005841214180020593e-01
-2.311645860429001331e+00
4.893761572278799932e+00
5.945165373893318561e-01
-4.538078587210562453e+00
-1.804148023612511142e+00
-2.863949906061645123e+00
2.512771837155127752e+00
1.918320221515785295e+00
1.277967854874035414e+00
-1.895724132150005126e+00
8.460796123382409162e-01
1.285736408116636031e+00
1.835144691342288858e+00
-6.266536049308932821e-01
1.464151944419865570e-01
-1.117567880525871249e-01
8.741574904325668527e-01
3.987315360294755862e-01
1.412314669025459102e+00
1.587530823726726936e+00
-1.094992891502973409e+00
-9.936133190417957284e-01
2.218740676702703141e+00
2.055633555522959455e+00
-1.194879581494574960e+00
1.395032494651720079e-01
-8.638793866674794319e-01
-9.121550706070032932e-01
-2.566311440044197312e+00
-8.356220978125796783e-01
-3.122491333443981887e-01
-3.591266940654923023e-01
-1.520651770237151146e+00
-3.561688096878019572e-01
-8.245521174711849532e-01
9.997108490638704215e-01
-3.424649575379284716e+00
-8.251262899674689510e-01
-2.158018574892811015e-01
8.003864977312361018e-02
1.011536993650583804e+00
-9.457194944800856318e-01
-3.234189711270357037e+00
2.396915764737124477e-01
1.377953190965674146e+00
-1.996966763437471482e+00
2.143366916397385635e-01
-1.161796110045702379e+00
1.580192976915383962e+00
-2.503243863996132301e+00
2.671430396861889545e+00
-8.154259516485831139e-01
-1.325295869064028631e+00
-3.261483801188530318e+00
-5.774156683646908261e-01
1.726317386773803975e+00
-2.335816751986881545e+00
2.200831776700567399e+00
-1.866771345586407671e-01
-1.994423446282063139e+00
1.913186171031050264e+00
-1.501567692698417389e+00
-3.428447809406060531e-01
1.968530295455774570e-01
-1.535247879345123190e+00
-1.775066595537901470e+00
8.306005650986671984e-01
-2.676791151333165697e+00
3.702704113447244372e-01
-2.019512631005194958e+00
-2.618014104437261791e-01
7.905565566189052262e-01
1.221560146892763044e+00
-6.349265679260339690e-01
-2.156701566878733711e+00
1.653153629852017303e+00
4.620142359710768254e+00
3.980852029564789230e-01
1.654212037095990517e+00
-2.167855344986779009e+00
8.442030012270463901e-01
2.967109063118106294e-01
-1.131393049897581049e+00
-2.299804924672637640e-01
3.217282105144366522e+00
3.180951598956098803e+00
-4.811264731300872177e-01
-6.844610291687804882e-01
2.729838130430551901e-01
-6.293479285771739207e-01
-2.052520977720843909e-01
-4.792325122318048525e-01
-6.491395495546887773e-01
-9.851775938381300834e-01
-4.539003389999427540e-01
9.353777867034565041e-01
2.416884430907710879e+00
2.231120492505330066e+00
1.300397705202255283e+00
8.166230147077375712e-01
-2.960614319016414697e-01
-1.545724156351964140e+00
-2.541463671409618374e+00
-1.873644584658939738e-01
-2.856375007169114077e+00
3.591458169408637602e+00
8.903683649696496338e-02
-1.720294457587639103e+00
1.927268573407472152e+00
2.232997168566471569e+00
6.862791731972939235e-02
2.708863705357579477e+00
-2.095067149301277354e+00
-8.327554074053691302e-01
-3.202425694587125005e+00
7.096509467175741159e-01
8.761216731319029227e-01
2.478067663928970321e-01
-2.860426949939578467e-01
1.071099146771590149e+01
-3.268120765861647570e+00
1.239269134303245951e-01
1.839086303500591324e+00
1.949899594546434800e+00
3.409996558800826083e+00
4.834214077234424978e-01
1.599784830083230913e+00
5.290143847670631061e+00
-1.234765776516125957e+00
1.438288363946869541e+00
9.635017876571642104e-01
2.585163432352220458e-01
3.142554423535317554e-01
-9.391976970651664258e-01
9.863583347707320648e-02
-4.207897366930006822e-01
-1.757374892929244758e+00
-2.532955817427152923e+00
-3.636411173641467265e+00
-4.377276333740691250e+00
-1.842846344254087887e+00
-1.619091232232905408e+00
2.909766190491127169e+00
1.609530378302552522e+00
-2.828186497378462061e+00
-1.254911025786917156e+00
-2.177414598906644849e-01
-3.923875740904394505e+00
4.342873235794647790e+00
2.249425424558060715e+00
5.195022298206527500e-01
9.705184625877475435e-01
-3.592957995834903939e-01
4.381995566046840707e-01
-5.149415607491473201e-01
-1.786656672579932437e+00
7.855989119554094291e-01
2.434481720771413560e+00
-3.068677984455989272e+00
-4.972852765380533779e-01
1.286424304280550102e-01
6.073541182780937131e-01
-2.518284650894399235e+00
6.130105229067752681e+00
6.843053961273245500e-01
-8.902356728370288685e-01
9.416217809465107225e-01
6.287836400323221220e-01
-1.773615980487640575e-01
6.579670829064545590e-01
1.021340512193477545e+00
3.428025531828631789e-01
2.470251142893075347e+00
-1.447681404966574936e+00
1.220678746387608982e+00
5.264643720543498162e+00
2.735670585028637358e+00
-2.738515396116733558e-03
2.206872774597924691e-02
-4.170322142838325252e-01
2.068853180768955635e+00
1.600255065407459876e+00
4.880394435958645971e-01
-5.911584620390155642e-01
2.375079310305769353e-03
-1.336359731422109398e+00
4.184256077327755952e-01
-9.738642940736763620e-01
-1.755143795008226593e-01
-1.349413615352597517e+00
1.269425502633717562e+00
-1.725372848440549056e+00
1.534471978142807114e+00
-1.934779015271785640e+00
-1.508863158523190418e+00
-3.845503737814338407e+00
1.885572454082711014e+00
-2.649128821674523460e-02
5.463511349323416644e-01
1.405336351942736983e-01
-3.570033513972848294e+00
-1.314231165129174483e+00
1.927081079042764378e+00
-2.114789546494665107e+00
-5.258849632110013106e-01
1.162950936636863553e+00
1.832504336445051729e+00
-1.460565548534919156e+00
6.451010969850240473e-01
3.231521627481801939e+00
-1.325228734531593400e+00
-3.413300593288389084e+00
-2.282031372248298218e-01
4.764049426683255817e+00
2.126869735936384398e+00
-1.391226754386113207e+00
1.735432449540605104e-01
4.605953425462892131e-02
-1.949599024541162740e+00
2.757258033626995175e+00
1.498791325973243271e+00
-3.257768220398345349e+00
-5.218722393768023160e+00
1.570609932760407057e+00
1.482349989289940106e+00
-9.428868563268941738e-01
2.524590023708280784e-01
-1.326598232586177817e+00
-9.585662291441451321e-01
-1.077970213104681108e+00
2.700779655783796418e+00
-4.779279571585112185e-01
9.049552667170007725e-01
-4.613470540238409634e-01
1.140910087894097202e+00
2.050011212488608014e-01
-6.524653022682521675e-01
1.185090745757544362e+00
-4.518587826944417962e-01
4.480543182644832201e-01
1.015569800413414631e-01
1.094072500157597050e+00
-3.293980042715443091e-01
-3.743384747861590311e-02
3.429740264318598353e+00
3.484246177455537552e+00
-1.220582523164478461e+00
6.539358483885600037e-01
7.525690533246629510e-01
3.282243088477890591e+00
-5.614061906208330788e-01
-2.532147958668974574e+00
7.936295756453418671e-01
1.636667650575940991e+00
1.383884065468351743e+00
-4.270987733379230988e+00
1.568056415671458481e+00
4.176052664262397407e+00
-2.724437737653051528e+00
1.883346529799105884e+00
-1.723726387039433039e+00
