-1.094942496123677111e+00
-5.374115443707883077e-01
3.575372515263525730e-01
5.815905584082693425e-01
-1.734937350623292796e+00
-8.080726957673828315e-01
6.242171294231346756e-01
-3.324351447141902782e-01
-2.834121853929522095e-01
-1.427712503634108732e+00
4.550432939859047621e-01
-2.835780072322457102e+00
-2.514704424906385238e+00
-2.264082077647470714e-01
-1.209037279230582129e+00
4.362943643370903457e-02
2.404176946354350530e+00
-1.820888603430346420e+00
-1.048893363629181064e+00
-1.297210058364530738e+00
-1.194273777306211093e+00
1.260051118145538052e+00
3.302607771485794874e-01
1.813767208696296818e+00
1.722934852551420759e+00
2.261255484281634032e-01
-2.155094464383034147e-01
1.253174670219243447e+00
-1.088683846372550557e+00
-1.704743354578786896e+00
5.984224497785296526e-01
8.930974887096503334e-01
1.121246092437482078e+00
5.862438348577081015e+00
2.195076988937212370e+00
-1.649504473498396573e+00
-1.679519193389955867e-01
3.080641652904016481e-01
2.021687511087404410e+00
4.281083273321525939e-02
2.729050593580689910e+00
-1.934369039372033638e-01
-5.275205489541429094e-02
-1.835707165093462656e+00
-1.130068116272171741e+00
2.577646677882091675e-01
6.413372508790936566e-01
-2.611316045978904765e-01
9.368794408271510221e-01
-2.999526173125620643e-01
2.387008335522440738e+00
-9.514496914829687624e-01
-2.795966355957150151e-01
1.159579227900407128e+00
6.161301687311603326e-01
-5.978111128932028784e-02
1.893159606101671999e+00
1.633862708523784235e+00
7.233278453623346316e-01
-1.364679274231120898e-01
-4.757837806171496098e+00
-1.712514001871731750e+00
-9.901552885879042476e-01
-9.416223919530462005e-01
-2.835138364348221973e+00
5.814295793766690590e-01
-1.967224659408207676e+00
1.867706218117435868e-01
1.258844756491656058e-01
1.054531478232959119e+00
8.934368101429845943e-02
8.376178741236552927e-01
-7.060743156606643645e-01
-3.269257293051502367e-01
-4.745095679525793142e-01
1.237762030596851526e+00
2.397503949353415043e-01
1.385746317881219936e+00
-8.456895644009145840e-01
-3.417058958444722516e-01
-1.099166056344860420e+00
1.018473564038657964e+00
-5.895614944408551494e-01
9.050604146299932040e-01
-8.683369581084482425e-02
-2.662915718802001841e+00
-1.964796568635047702e+00
9.600279861988364472e-01
-1.815737040525930102e+00
1.757482397929910789e+00
-1.871832436304390113e+00
2.208616244306634169e+00
2.421419646962157390e+00
-1.509154315807720081e+00
-2.023746758445336136e-01
6.312155097095455414e-01
-3.699018924564722033e-01
-7.480674470212991256e-01
-3.028625574389667285e+00
8.988004764192986107e-01
-1.303028671766595314e+00
-8.335178318546941911e-01
-5.230014620289433758e-01
4.946465100133857762e-01
-1.463706544889697980e+00
-4.000786346663394166e-01
6.893551068811143434e-01
-1.463225503933928362e+00
9.057544385566727030e-01
-1.329216183109663385e+00
-1.752026769094159886e-01
-2.439914068753385179e-01
5.130925410191942149e-01
-6.070105973528535648e-01
1.178557168417021961e+00
6.950174960699980753e-01
1.502157396213565699e+00
5.733333009538235103e-01
-2.314332949382849614e-01
8.126987819811204439e-01
5.036265269496313923e-01
1.917439552246685164e+00
9.166835295273937367e-01
-8.602726364149811955e-01
-5.326015072253978966e-01
5.883512555862414617e-01
-1.208116527081729119e+00
-2.048552902887446958e+00
6.165191043393258852e-01
8.110496111403118213e-01
4.598072934999368200e-01
9.712440682936282488e-02
1.456451370517299448e+00
-5.956516060224983367e-01
-1.242567538588020604e+00
-9.005792745207988892e-01
-1.210532392620992104e+00
1.494781524342180701e+00
5.211368615368787705e-01
-1.151887075283221096e+00
1.078495138934992159e+00
1.686763113266871450e+00
-6.819752594755140729e-02
-1.676081990475451478e-01
1.500503399882558098e+00
-3.793635157392409862e-01
2.765024822936976157e-02
9.300847407873715778e-01
-1.793888328991903425e+00
-8.106631118437646055e-01
-6.546562938187716618e+00
-2.001368111226276447e+00
1.452049927134286600e+00
5.624776507907628398e-01
-1.096123381668545615e+00
-1.193187670751792773e+00
-9.505364863878100756e-01
-1.832175555201424499e+00
1.073188978997814402e+00
-1.932830152318876227e-01
-5.231781460274895768e-01
-2.617506314128366096e-01
1.233239720342669932e+00
-3.881202549644606203e-01
-3.478868609420995850e-01
-5.005136022273072305e-01
1.667177572500270655e+00
-7.056475548182419288e-01
-1.871675541007883359e+00
2.828615092715725421e+00
-5.405950103445164023e-01
-3.509950024620509534e-01
-3.282536527776445112e-01
-4.647759898496748865e-01
6.121593387728034852e-01
2.573132946568047252e+00
-3.538789325567753274e-01
-7.615945732385219769e-01
1.851532480888113508e+00
-2.946308389437995778e+00
-2.361709966855461695e-02
3.563653582791584284e+00
-5.140106666550832148e-01
-2.997599030674404474e+00
3.504548604290361746e-01
1.349534734351059972e+00
2.025170112918001752e+00
5.588570064246810576e-01
-6.565242533232000799e-01
-4.060996287535296734e-01
-1.687569927159447425e-01
-1.939984165380008063e+00
-1.055907612344110014e+00
-3.728551393566466032e+00
-1.315565000043562582e+00
7.915628364911305725e-01
2.727830191709154639e-02
2.463721894367114640e+00
-2.017941953591911641e+00
-2.275940783861524763e-01
1.611098224193045381e+00
1.770232168309760157e+00
-2.453953660338805409e-01
1.553607014484740811e-01
3.907642175232770132e+00
-3.478785874414671575e-01
2.973746269910320095e-01
3.871381881001736858e+00
-2.483728564964794217e+00
2.603727744798956412e+00
6.355038934721343180e-01
-4.620948927138150419e-01
2.134657633521582221e-01
-1.796887569445564103e-01
-1.018528574614153692e+00
1.217985806289839434e+00
-2.846132818993565849e-01
-2.647420003891969298e+00
8.037787019726714277e-01
1.318345569635363423e+00
-2.489746133828284469e-01
-9.189801726700599360e-01
-9.574815615250735767e-01
2.524329823778624693e+00
2.558048193489909750e+00
-2.240253978574386462e+00
-1.270668946153305612e+00
2.268383110862575713e-01
-5.069674310482616963e-01
-2.070304827800920400e+00
7.445565571965292451e-01
1.459989120589990641e-01
-7.697848737859283585e-02
1.116205291384076315e+00
3.993200015477428866e-01
5.721285616706831556e-01
2.211748856724623291e+00
3.353814340190953702e-01
2.763183978192483181e+00
-1.277774709545766163e-01
2.041074976491662751e-01
1.685918414939714616e+00
1.995064592697400663e+00
-2.208464055621211841e+00
2.192071430473240046e+00
-3.829135991020102825e-01
7.104951829960882703e-01
-1.129599372282903635e+00
2.741365581142276020e-01
3.058768723142865076e-01
-3.641247295474497880e-02
1.686618204944297705e+00
4.846910043575922700e+00
-2.412061262892100932e-01
-1.298005521652215055e+00
3.784177688235509374e-01
7.334799715699190648e-01
-1.262564920391164858e+00
-3.634251653909806867e-01
5.515403942893721823e-01
1.501891324012464057e+00
1.186237050610760457e+00
1.863347440806484845e-01
-1.587303767063622750e+00
-2.113717496602077528e+00
