Best Solution: [-2.92725884e-02 -3.47308380e-01 -4.18631926e+00  1.08819466e+00
 -5.05849063e+00 -1.35637308e+00 -2.59674639e-01 -1.71706265e+00
 -4.91911958e+00 -2.74709186e-01  2.80212176e+00 -2.46468202e+00
  7.88721667e-01  1.64378258e-01  1.45148374e+00 -2.05682789e+00
  2.21532501e+00  4.59108385e-02 -1.19266655e+00 -1.58222987e-01
 -9.26743328e+00 -9.56828020e-02  1.13427311e+00  4.31013797e-01
  4.60422996e-01 -2.54070134e+00 -4.67500766e+00 -1.66570866e-01
 -1.68073276e+00 -2.91660077e+00 -1.57770533e+00  3.83356377e+01
 -3.02681534e+00  2.41066778e+00 -7.95792329e+00 -3.44190955e+00
 -2.76339145e-01  1.06205191e+00 -1.19146526e+01  3.06963358e-01
 -2.24567391e-02 -1.08842312e+00  4.78818181e-01  1.50712140e+00
 -1.49956415e+00 -2.71073889e-01 -2.21149240e+01 -3.29611643e-01
 -6.37730650e-01  1.66373665e+00 -2.80848991e-01  1.00805319e+00
  1.16688018e+00  2.25403713e+00 -3.10942856e-01 -1.43830887e+00
  2.46220240e-01 -7.63373935e+00  5.51478723e+00  5.14508344e+00
 -2.43196796e+00 -5.76372767e+00  2.51175416e+00  2.61520776e+00
  2.99093102e+00  1.57407296e+00 -9.67384414e+00  1.72038371e+00
 -4.96846752e+00 -1.23510073e+00 -3.29261506e-01  3.49759901e+00
  2.20812112e+00  1.76729144e+00 -2.09524704e+00 -2.52405293e+00
  9.55927589e+00 -1.85892327e+00  2.14603120e+00 -8.85105848e-01
  4.30708465e-02  1.28398484e+00  1.39220833e-01 -1.62677307e+00
 -3.46839885e+00  1.18031576e+00 -1.20609303e+00 -1.09418863e+01
  1.23943598e+00  1.94918665e+00  2.15842719e-02 -6.13147322e-01
 -5.78975798e+00 -2.73492274e-01  1.16339113e+00 -8.42474159e-01
 -1.46616217e+00 -1.54875280e+00  8.36257759e-02  1.16574282e+00
 -1.09068218e+00 -7.42409430e-02  1.68773524e+00 -4.00991509e+00
  1.74626175e-01 -3.89783857e+00 -1.70301105e+00  2.58473911e+00
  4.57270210e+00  5.25254748e-01  6.39961207e-01 -1.90883238e+00
  8.60349348e-01  4.11749351e-01  6.44365471e-01 -1.25168042e+00
  3.34033129e+00  3.69284163e-01  1.02371444e+01  1.30134213e-01
  1.73205750e+00 -1.43299712e+00 -5.95382207e+00  7.78086870e-01
 -1.66127310e+00 -4.61960695e-01 -7.57288987e-02  1.16338341e+00
 -4.03809719e-01 -1.03538496e+00 -1.90643405e-01  1.25692678e+00
 -4.46075037e-01  3.02016466e+00  1.82095073e+00 -3.02010594e+00
 -4.92444356e-01  9.50764175e-01 -1.13892976e+01 -2.12634545e+00
  2.19391313e+00  2.34479592e+00 -3.61366740e-01 -7.75148869e-01
  1.16806204e+00  7.18656245e+00 -1.94573651e+00  1.27623199e+00
  1.95623885e-01 -7.28344929e-01  6.58694587e-01  6.78656768e-01
  3.21719998e+00 -5.85989179e+00 -8.20546747e-01  4.19958028e+00
 -1.73267325e-01 -1.13683359e-01 -3.81883791e+00 -3.17741595e+00
  2.11405473e+00  6.38420852e-01  4.64241031e-02  2.52080532e+00
 -1.52542035e+00 -1.34058594e+00  5.80635430e+00 -2.64027003e+00
 -1.93996863e+00  2.18043190e+00  1.87095219e+00  4.85364753e+00
 -3.28976691e+00  1.66024055e+01 -2.08284029e+01 -3.88823574e+00
  2.13149038e+00 -7.64195005e+00  1.42540596e+00 -3.58952098e+00
  7.87900327e-01 -1.70036564e+00 -1.35102317e+00  9.79723585e+00
  9.66629665e-01 -2.96473079e-01 -6.51746976e+00 -9.66757930e+00
 -1.35611204e+00  1.51420107e+00  1.12425624e+00  2.39218216e+00
 -4.96565581e+00  6.54518250e-01  4.83975116e+00  1.81882794e+00
  7.37421954e-01 -2.52764888e-01 -3.43129278e+00 -7.03081042e-01
  3.60588557e+00 -3.90668532e-01 -8.34841661e-01  3.66498942e+00
 -5.60117622e-01 -1.28179319e+00 -2.25114606e+00 -4.41592524e-01
  2.08830229e+00 -2.02159258e+00 -4.27455846e+00  5.62367884e-02
  1.00771869e+00  7.11003696e-01  9.98315986e-03 -3.02985438e+00
  2.29539468e+00 -3.94552889e-01  4.75859906e+00  6.41540728e+00
 -4.28815836e+00 -2.88136031e+00  3.43322266e+00 -6.17838252e-01
 -2.56368430e+00 -1.22403979e+00  1.29924235e+00  3.15586319e+00
  6.81688094e+00 -3.88357535e-01  1.01610368e+00  2.17198060e+00
 -1.99036916e+00 -7.71694199e-01  8.62191125e-01 -2.52118997e-02
  4.31269839e-01  2.49342147e-01  3.11216023e+00  1.09154069e+00
  1.21896816e+00 -1.54577087e+01  8.13179109e-01  7.82469735e+00
 -8.69199855e+00  2.15614395e+01  3.13245313e+00 -6.51776388e-01
 -1.45864922e+00 -2.99499820e+00  1.32323544e-01  1.04870377e+00
  4.77051968e-01  2.27449467e+00  4.49916352e+00  1.04053788e+00
 -3.71615777e+00  1.89250025e-01  3.72879843e+00  4.64136169e+00
 -7.64134569e-01 -2.88668509e+01  2.50313216e+00  1.21308590e-01
  3.79696060e-01]
Best Fitness: 60.223510
