Best Solution: [ -1.99807963   4.00919757   0.81342996   3.21402818  -1.06388078
   0.69665631  22.03188541  -0.54118472   2.52222622  -0.50487167
  -1.56072087   4.56318929 -11.51814062  -3.30247049  -2.54872483
   2.18821571  15.90354541   2.74351399  -4.85183052   3.93218487
 -14.22204131  -6.38416287  -0.5886619    3.61571974  -7.72090166
   1.46893891   3.16818593   9.88618588   0.75765219  -1.04113373
  -0.78280588   5.99374421  -1.04403699  -7.9016034    0.91915831
   1.27471294  -2.3960534   -2.53033481   1.03053823  -2.78460633
   1.37926706   1.67974378  -6.57663381   0.30318546   1.85906066
 -11.989932     0.8869064   -5.72905604  -6.21881867   4.4723264
   1.80219617  -4.65589338  -0.94866204   3.482866   -11.00643677
   1.58773894   5.98728951   6.69585161   1.11191227   6.52526005
   4.29609045  -2.04888614  -1.37207151   0.641091     2.07014902
   6.43608238   1.79978796  -1.32135532  -0.42208924  -0.38155909
  -4.12528736  -0.77789847  -5.17043176  -1.92709612  -0.32411618
  -1.58145452   2.982095     1.25212902  -4.07785889  -1.49295211
   4.4311652    9.04014432   3.10336548   1.17149307   2.85596584
  -2.39657684   5.66839015  11.40649837   4.61798202  -1.50675363
  -0.47786708   0.06781877   3.88127645   4.63988925   3.45573356
   1.3044483    4.73081187  -5.56004325   2.88582092  -1.96127474
   1.43996447  -5.66249857   2.51136593  -3.93932532   5.91970032
   2.57309838  -0.57305864  -5.77143     -1.39780091   0.69520862
   0.08187055  -3.16317799  -6.74841263  -0.8690833    2.58848791
  -1.488186     6.36370588  -2.47843947   0.66157598  -2.16271354
  -3.56170528   2.82520469   3.12121633   3.74627257   2.781338
  27.09917577  -0.66134693   1.44774652   4.58036752  11.60527557
  -3.05654601  -0.06835288  -0.87803983  -3.62591699  -1.3912663
  -3.77165754  -1.96027381  11.43141632   0.73895959   0.99432403
   0.9893507   -3.07695688  -4.50364038   4.73610907   2.94407732
  -0.72809475   2.37037048   2.14382424   0.54505767  -1.70422228
   1.99626708  -9.77191695  -0.36954221  -7.02636518   1.24909991
  -4.07146791  -7.7576043    1.64444515   8.7444206   -0.52014545
   5.70875753   0.84381579  -3.54877921   3.2892897   -1.65448497
  -4.15867378   3.51201468   1.23637246  -1.19406428   1.89196183
   0.68969558  -8.60506502  -0.34945691  -1.65748039   0.30952673
   1.41951388  -3.42000971   7.3246018   -2.71748878  -1.3373984
   2.68152933   3.39769242   4.26481542  -0.84556214  -4.54019801
  -2.95796424   2.02845251   3.55848014   1.97337406   8.69146339
   1.61066101  -2.06161685  -1.33781988  -3.790365     3.73428362
   0.37334327   9.68820394   1.50888369  -8.96938298   1.57994575
   1.74778881  -1.60063429  -4.82278882   2.08775546  -3.43462703
  -9.25987979  -0.64397406   1.06065154 -12.05175295  -3.08989788
   0.76904043   3.20466783  -1.33174623   3.14635226   2.60227154
   2.12442747  -3.66317803  -2.28067476   6.04676106   3.33228386
   0.10938694  -0.09701693   2.85000941   1.93777293   4.19343106
  -0.88416304  -0.25790198  -5.65266642   2.62843619   2.33040498
  -2.03903417   0.11529027   2.96038374  -2.69298676  -4.74515119
   0.43672327  -3.14522352  -2.15882215   1.25340118   2.86408695
   0.58430263  -6.13588051  -0.15227057  -0.94621828  -5.82253526
   0.87822204   0.08875013   5.88246907  -5.26180011   2.11534613
  -5.68297893   1.78040602   3.45092692   0.35636053  -1.41740514
  -1.79817953 -33.03687866   0.19468852  -0.42605775  -0.11840178
  -2.50516232  -4.88076145   7.66429313   3.65389656   0.44445523]
Best Fitness: 40.522362
