Best Solution: [-2.06790095e+00  4.13203811e+00  1.50169528e+00  3.54444783e+00
 -6.78877247e-01  7.60146104e-01  2.22014141e+01 -4.43310094e-01
  2.29203042e+00 -2.93020150e-01 -1.60832008e+00  4.85634261e+00
 -1.03937737e+01 -3.33828303e+00 -1.09858332e+00  2.13568302e+00
  1.58518907e+01  3.27584781e+00 -3.93786218e+00  3.82155876e+00
 -1.24779566e+01 -5.57409881e+00 -1.09400262e+00  3.38901248e+00
 -5.60956978e+00  1.07337016e+00  3.75103491e+00  9.72675090e+00
  8.95540851e-01 -3.32887221e-02 -1.13604471e+00  4.73498129e+00
 -8.54629584e-01 -7.30335089e+00  1.19023328e+00  1.27805487e+00
 -2.39630882e+00 -2.81751051e+00  5.99154739e-01 -2.57865953e+00
  4.38508843e-01  2.04799777e+00 -6.55643363e+00  1.18980296e+00
  1.14644529e+00 -1.19909139e+01  1.19523010e+00 -6.05624073e+00
 -6.25439383e+00  5.56639668e+00  2.19364569e+00 -4.78438401e+00
 -2.00473631e+00  3.23859740e+00 -1.10619348e+01  1.50678519e+00
  5.31768518e+00  7.61458994e+00  7.17910143e-01  6.90856064e+00
  4.28595913e+00 -1.81781886e+00 -1.46544394e+00 -2.72027526e-01
  1.81178208e+00  6.61311748e+00  1.68515787e+00 -8.11697464e-01
 -4.44267929e-02  3.22093270e-01 -4.86638679e+00 -1.00184327e+00
 -5.52607288e+00 -2.20058776e+00 -3.48209341e-01 -1.63236785e+00
  1.28760849e+00  1.84183153e+00 -5.12102095e+00 -1.07364444e+00
  3.88265758e+00  8.90432706e+00  3.79129853e+00  1.53080698e+00
  3.56490468e+00 -2.42426873e+00  6.89698045e+00  1.04678677e+01
  4.38605961e+00 -7.37278758e-01 -8.24057686e-01 -9.68885756e-01
  4.09077644e+00  3.86732953e+00  3.59891285e+00  5.70441288e-01
  4.80914866e+00 -6.02048808e+00  2.58680244e+00 -4.68574737e-01
  1.76610589e+00 -6.25566963e+00  2.15676676e+00 -3.61521126e+00
  6.84628675e+00  2.95727350e+00 -4.24004601e-01 -5.13001353e+00
 -6.88796468e-02  1.07100725e+00  1.89774750e-01 -3.12629169e+00
 -8.24229234e+00 -2.19503466e+00  2.35199254e+00 -1.00495991e+00
  6.11255621e+00 -1.91178664e+00  9.71963615e-01 -2.36436820e+00
 -3.90815129e+00  2.83307242e+00  3.00216860e+00  2.20013673e+00
  2.32315434e+00  2.59145511e+01 -6.13663777e-01  1.43641811e+00
  5.30380249e+00  1.04379341e+01 -2.28643660e+00  5.12521010e-01
 -2.45360730e+00 -2.71391781e+00 -1.92059833e+00 -1.97468028e+00
 -1.47114441e+00  1.02034890e+01  1.64366874e+00  8.52168491e-01
  1.13313488e+00 -2.78695436e+00 -4.65368024e+00  4.76806347e+00
  3.44058205e+00 -7.30043656e-01  1.16273446e+00  2.07614270e+00
 -1.95517416e-01 -2.15173380e+00  1.40010886e+00 -1.09302529e+01
 -7.91116597e-01 -5.82400863e+00  7.83915953e-01 -1.97785852e+00
 -7.77755758e+00  1.06683743e+00  8.81201907e+00 -5.55400236e-01
  5.76428722e+00 -1.52804817e+00 -2.04735297e+00  3.53082862e+00
 -1.13485589e+00 -4.29419948e+00  3.47572141e+00  1.58697948e+00
 -1.42137012e+00  2.58608160e+00  7.64704619e-01 -9.63280341e+00
  1.32614184e-01 -1.39991383e+00  3.55520869e-01  5.21544647e-01
 -4.31209545e+00  6.92084078e+00 -2.79396237e+00 -1.22026382e+00
  2.54042141e+00  4.40713971e+00  3.26573601e+00 -1.85861269e+00
 -4.66135190e+00 -2.79583919e+00  2.37550627e+00  3.35602316e+00
  1.96871358e+00  7.87500598e+00  1.46140908e+00 -1.11661744e+00
 -1.58779840e+00 -3.25245795e+00  4.07352296e+00  4.73144939e-01
  9.87776472e+00  1.23269114e+00 -8.67209568e+00  2.84054592e+00
  2.04360657e+00 -1.73042974e+00 -2.69628692e+00  2.43414856e+00
 -4.33611704e+00 -9.01242053e+00 -1.27407871e+00  2.80373018e-01
 -9.88003110e+00 -2.42443298e+00  5.56610825e-01  2.97290822e+00
 -2.05755737e+00  3.82839070e+00  2.36841712e+00  1.83298320e+00
 -2.60838476e+00 -2.42837019e+00  5.39313249e+00  2.71269538e+00
  9.09620258e-01  1.10632318e+00  3.77081797e+00  1.75865364e+00
  5.14250379e+00 -1.08594815e+00 -1.95723919e+00 -5.67089792e+00
  2.04897881e+00  1.42877422e+00 -2.91298660e+00 -4.82174851e-01
  3.79662859e+00 -3.21927297e+00 -5.50439845e+00  1.02912500e+00
 -3.87589786e+00 -1.82985358e+00  5.41329355e-01  2.74082376e+00
  4.91250734e-01 -6.42265006e+00 -6.90030510e-01 -9.21694629e-01
 -5.48802299e+00  5.88342318e-01 -1.48524334e+00  6.56300525e+00
 -5.11446872e+00  1.52799936e+00 -5.18174133e+00  1.08550635e+00
  2.98962868e+00 -1.69874448e-01 -9.74897404e-01 -1.04000482e+00
 -3.34307120e+01 -3.03786176e-01 -1.81159877e+00  6.06375098e-01
 -2.33925887e+00 -3.68652810e+00  8.53259889e+00  3.32887688e+00
  2.63327787e-01]
Best Fitness: 94.784926
