-7.347605064737058456e+01
2.139250454476759877e+00
2.355728652085061547e+00
-1.653943593276641533e+00
-1.946019784887375481e+00
1.818749850028591908e+00
9.663418552175091492e+00
-2.131096024543571943e+00
-3.437195092899369531e+00
8.964048551130139320e-01
2.807105491894678284e+00
2.478211449358297358e+01
3.719992694917834131e-01
-1.374899177617222135e+00
-1.519864332692399955e+01
-2.143887470402421158e+01
1.014590967672290289e-01
-1.882071959765186930e-01
-2.682596888119765488e+00
1.632844641509890504e+00
9.057994167562911869e+00
-1.690322161503835297e+00
-1.296229515708336999e+00
3.531722770275119050e+00
-3.580355125936401262e+00
7.221074943116719602e+00
1.376267507965677339e+01
3.143786435530000922e+00
-2.112187736831550922e+00
1.648825585535352189e+00
-2.335674240893845788e+00
2.212680157792979330e+00
-1.055767248063572250e+00
-1.681665960413623040e+00
-3.497551374583102870e+02
7.497564454785710986e+00
-5.919259080340449231e+00
-9.335200354480585716e+00
-8.248242979109079998e-02
-1.170805666156429936e+01
-1.551462212540167940e+01
-4.760345922240825089e+00
-4.756516535064994056e-01
4.645668500147987601e+00
-2.729383207985323523e+01
-1.241236729334856070e+00
1.287295011597349337e+01
-2.747293346670924663e+01
-6.697356734348755003e-01
1.404197770569188153e+00
1.335839441285855189e+00
4.968954419159423708e-01
-9.084389827069035306e+00
-1.794705104083028413e+00
2.752535701420083303e+00
-4.192335558539894258e+00
-9.771313490353367825e+00
-2.041659350372894810e+00
-8.605797035419477936e-01
1.547725753207468813e+01
6.674846570534276324e-01
-2.496102297538038695e-01
-6.343933184906369149e+00
1.081649356449559285e+00
-4.552874124847076764e+00
1.584695899503531624e+00
6.735688754390730892e+00
-1.490811394629715778e+02
5.434136113290221282e+00
7.296372945366925711e-01
-3.549816594472547848e+01
6.493126389426171485e-01
-2.882320471077497004e+01
3.763283574369493234e+00
-2.958189309148116397e+00
8.254369983807696709e-01
4.311762102480919956e-01
-9.934933506103486855e-02
-1.022793942389856880e+01
-2.249808957456818082e-01
-8.891447088663144427e-02
-3.529037908152774961e+00
2.033298454304214431e+01
1.533305809913548812e+00
-5.722423650910966053e+00
-1.348025397361018118e+00
-7.945740415629481967e-02
7.694743426805483733e-01
-1.182291620349729788e+00
7.533933449790702896e-01
3.050968872080745076e+00
-2.945093027819510212e+00
-2.073168921335270642e+00
7.478934090659534739e-01
-1.494714646225979493e+00
-7.673077432033596601e+00
9.321406826935876300e-01
4.355567344633019533e-01
-4.402464394456083063e+00
6.016540443546208872e-01
6.067136090049739527e-01
-3.694029123148434124e+00
3.794513451571223106e-01
-8.118633672026573933e+00
-4.274454931635777832e+00
-2.210534762903563433e+00
-1.906676701052603784e+00
-5.307424448570897013e+00
-6.600696168334606595e-01
7.638799158912989995e+00
1.318249514338895878e+01
-4.914621015861485587e-01
-3.826236249902933650e+00
1.048264432132156010e+01
1.638216067565454237e+00
3.404115373017758683e-01
5.716624584312983703e-01
-1.021179149924184237e+00
4.478586391149000256e+00
-1.133282356320252049e+01
-2.182738484297082060e+00
-1.917775384285238527e+00
-1.036237927231631062e+01
-1.721965338823277625e+00
8.392574232904630449e+00
2.785483953960931736e+00
1.137130324840053275e+00
4.111031696218801490e-01
-1.534128247607899231e+00
-2.597931326415632736e+00
-1.998499764294272296e+01
4.716613536857995614e-02
-6.137202462301505790e+00
-2.517129835155979212e+00
-1.804238300887899271e+00
-1.836948569047528901e+00
-5.228018038494933961e+00
2.744728306315845634e-01
8.838317938438083887e-01
-9.482756160262454159e+00
-1.677533996702262609e-01
3.132471958553357805e+00
5.905468566917010165e+00
-5.069402413560060161e-01
-5.984387995765647617e+00
-1.398641937920698464e+00
1.565023093185323733e+00
3.136389148060553911e+00
9.789300030412166009e+00
-1.553348003113888964e+01
-1.667220734894479861e+01
-3.184856878116867573e+00
7.110089154437760905e-01
-9.971726538041393306e-01
-1.950182620632248742e+01
-2.029471992522653978e-01
-9.325907904584662234e+00
-2.019471137429716734e+00
-6.337895261184054441e+00
-1.271947213729168524e+01
-3.994525938020969669e+00
-4.271439213113085720e-01
1.577501846943299757e+00
-9.997666844792958418e-01
-1.030108470540309351e-01
3.569350304673594709e-01
-5.066108548152327806e+00
-1.230477400083310968e+00
2.555957253378049021e+00
-3.557877864145575053e+00
-2.091709901017692330e-01
2.832228368551045872e+00
-3.348433832809288302e-01
1.899307858888492406e+00
4.330140705475646334e-01
-6.669123980362120285e+00
-1.924020218118951675e+01
-2.643317069880222192e-01
-3.461675368601476066e+00
-1.505525562122110195e+00
2.563581418916736965e+00
5.000609521155181092e+00
-5.681478716515585781e+00
3.311092729423465109e+00
-1.653830781140624762e+00
-4.950204907002519472e-01
-8.641488448073397777e+00
-3.511451302161326993e+01
-2.109075892752977666e+01
-5.420764200330430604e+00
-2.439477062529065154e+00
-1.213012603844096093e-01
-3.377568734897463676e-01
1.204425284318876299e-01
1.937262160477945416e+00
-2.363985274143692639e+00
-3.730549052582598502e-01
1.161743191641364525e+00
-3.808565162441839291e+00
-1.854495905641216469e+00
7.616456953905624827e-01
-1.706112707199802125e+00
-4.888461666885094203e+00
1.747307140078466547e+00
-9.264001417361001245e+00
-2.537247910684396146e+00
-6.117189607101704674e+00
-6.094415945564271020e-01
2.835561522871257178e+00
-9.023641456282962992e+00
-5.210992314203863884e-01
-6.616828527386240388e-01
-7.098047853107098959e-01
9.647534977875238393e-01
-5.531146175365426743e+00
4.650125004361098213e+00
1.280050313270522322e+00
2.516279870276238562e+00
-2.768210915061421473e-01
1.881017355365688926e-01
-1.482582542245342250e+00
1.334403782946223194e+00
1.839677074708719884e+00
-3.820006032861923195e+00
-1.494745432830925536e+00
7.476318512024685781e+00
3.175754732468537789e+00
-3.610417995502031019e+00
3.502961429956247930e+00
-5.354685352206511340e+01
4.091432899198116369e-01
8.408375983855275182e-01
1.032752884666334969e+00
1.002852676496209794e+00
7.297614089935845483e-01
-4.478113792228181289e+00
-1.876409426576979844e-01
9.285188230007165089e+00
5.940361540101670723e-01
-6.971044702544695326e+00
5.810523085681124078e-01
2.721015040248978778e+01
-1.264555141161474516e+01
-8.744664501541668855e+00
-3.703071127476576407e+00
9.901935324055002874e-02
3.250789502917393659e+00
5.848784420293933195e-01
-1.286758855266072255e+00
2.263354121116378237e-01
1.089912772263875507e+00
1.149760677173669476e+00
-4.749015814972362692e-01
-9.795917683963115685e-01
-2.094502989731064524e+00
1.933805970281690656e-01
-1.867652892215184157e-01
-5.186657923925346303e+00
-8.145184780006942127e-02
-9.705694937875012585e+00
5.072339938043278984e+00
-2.628193165264205433e+01
-4.716108832424417585e+00
1.943959944664427564e+00
8.160646330650601632e-01
