-1.035329360567489448e-01
-5.561000406662964801e-01
-4.079032218820036748e-01
-5.591023857749767956e+00
1.744784648264758598e-01
1.523890454373585612e+00
-4.851900055735809403e+00
3.568055106799760345e+00
-1.528140280769499260e+00
2.177017947537361664e+00
1.917010506369627887e+00
1.573336424627964192e+00
1.870463404603049273e+00
1.433511692025444262e+00
-7.946550569910170170e-01
4.079426103050578511e-01
4.238317933514437197e-01
-8.289577138079078367e-01
1.106455311678020248e+00
-5.085858172752142359e-01
4.360101680736139684e+00
-1.036957982082223451e+00
1.629570124986134516e+00
-1.986438658315902828e+00
-1.474965964981156841e+00
2.046497831412430468e+00
2.261063099011558108e+00
-4.706912124336700920e+00
-2.865035398867425531e+00
1.215024357192242999e+00
3.562482662341432960e-01
7.406006309548182065e-01
1.681982728549114015e+00
-1.756109798600199445e+00
1.280137553986421928e+00
-2.413421175818105446e+00
-1.095536309975507105e+00
3.636319581552345692e+00
-4.295067942346657119e+00
3.009371945935255255e+00
2.757615712763331617e-01
-2.215105898413556873e-01
-6.192252881330573278e-03
-1.136238190639155432e+00
-2.336734985213371196e+00
-6.935029426493400928e-01
-3.779253985442112551e-01
-1.095736681750536956e+00
-3.119287021362500578e+00
-1.529839551322886848e+00
-1.478146051184495269e+00
-1.032795926394458830e+00
9.700055167125669620e-01
-3.827152397642153314e+00
1.145694233469250811e+00
-1.700273016772949397e+00
-3.179398909883931701e+00
-1.367404357743294607e+00
-1.222605193891977970e+00
9.487515826975920774e-01
1.790855066370180770e+00
1.539611002747580004e+00
-1.514051045031338250e+00
8.787777601915739423e-01
-5.416501470776530214e-01
5.494189161365977681e-01
-1.029593527652129747e+00
-2.798367818668343054e-01
4.876138869892925748e-02
-2.287517202058809707e-01
2.225061275244906156e+00
2.099518658697323126e+00
-3.416107964713941847e+00
-5.969318237483750567e-01
5.969771082892172398e-01
-9.835838744798661715e-01
-8.865834153274827489e-01
-1.251497920066520830e+00
3.321984856077443427e-01
4.632363241041098645e-01
1.688324856439554766e+00
8.947602814201138788e-01
1.137656861238455663e+00
3.044338294786961718e+00
-7.095291495841848928e-01
1.959246682937314299e+00
-2.504300988017138518e+00
9.081329268688904666e-01
-5.695537424204473176e-01
3.940792146055821732e+00
-7.326970207493394005e-01
-5.032306767228545974e-01
1.954083626999890910e+00
1.196621229984673046e-01
3.163113293915605917e-01
5.698404747544049131e-01
8.845943461713324796e-01
9.087788253331451349e-01
-2.073650937587107723e+00
-2.234453191049933896e+00
1.912537019046610387e-01
-1.088999530691450168e+00
3.207591242958995892e+00
-2.309475296744002704e-01
-6.360105270758568130e-01
2.725892536983214764e+00
-2.474364936578485441e+00
-1.278332206642230018e+00
6.319609177547347301e-01
1.952836815334038079e-01
-4.395632153807412124e+00
-1.078845057995174717e+00
1.058133554825004374e+00
1.287144902563738258e-01
2.790094960343644459e+00
2.552661488614496488e+00
5.459345574822638270e-01
-2.048134161687012789e+00
-1.639116478395622911e+00
-2.999291929660962142e-01
1.198226068555601209e+00
-1.683184666934001816e+00
3.978508764861946823e+00
-7.393921323777132848e-01
3.883027815128858307e-01
6.513080639692431228e-02
2.288499714971688359e+00
1.855655622249988923e+00
2.829995698384510927e+00
2.990137446016341016e+00
1.689972929163724658e+00
-6.150374150745637758e-01
1.250600141190697304e-02
-1.000554554327789170e+00
1.466514046472695343e+00
-1.095945151134730233e+00
2.760478620822383267e+00
-2.819403505087701434e-01
-2.213161575727789820e+00
-2.231595505506934973e+00
-1.785287992705739679e-01
1.007712788058608755e+00
-8.226793432601375855e-01
7.747949601135244446e-01
1.619534382911622883e+00
2.625133349731397558e+00
-2.494376537973544750e+00
5.086627782785774210e-01
3.702884336375205976e+00
4.284941302291311871e+00
-6.433061471479267768e-01
-1.884624206831428284e+00
3.092988020262349647e+00
1.279930025188878773e+00
-3.118458624710389593e-01
8.128392206343599824e-01
1.906289269874838821e+00
9.909199556809200615e-01
1.978576720443675274e+00
-1.038644545449211254e+00
-5.256416437256137719e+00
2.650465265400928416e+00
-2.570320153463163226e+00
1.369688551477169225e-01
-1.085452438105130923e+00
1.434084310599530676e+00
-2.601893762637082830e+00
-1.537036418218823197e+00
-1.571674682652925314e+00
1.266675010263820012e+00
-1.035267814579327927e+00
2.933419695538149519e+00
6.495256893450018776e-02
-6.385219861895416460e-02
-1.571772269591574123e+00
-5.231633587883635639e-02
1.200364679674944091e+00
5.951843056018685241e-01
3.063444732463455722e+00
-1.254817977628905901e+00
-2.939646756427858776e+00
-1.165407087058309560e-01
-3.751541327706308104e-01
1.151786195624536990e+00
1.173449565753324902e-01
2.055881949724968294e+00
-1.293918203082862872e+00
-1.794039154824319804e-01
1.753038363492561480e+00
-5.087394898398786558e-02
-5.084459479103942137e-01
-1.543264091743986322e-01
-1.347990358986224546e+00
9.959048486757646756e-01
-6.024141236048470294e-01
2.315867294974940371e-01
9.645699739166078146e+00
-4.687715100786022382e-01
-5.282466283056900247e-01
-2.873766812782185820e+00
-4.354256856161465628e+00
-2.093749467751682580e+00
7.629235764407290565e-01
-1.121258388444322351e+00
1.941024618908888666e+00
3.456783315609088358e+00
-5.898425190577774035e-01
-2.048028951794352182e+00
5.845528351832905756e+00
-2.283183641105972495e+00
-5.576388294150913527e-01
-1.151877552245299974e+00
5.111042537032783883e-01
5.156158580024937654e-01
-1.810578144019450719e-01
1.550741073791980007e+00
8.068397120407100331e-01
1.194776857319529706e-01
1.304872620615233236e+00
-1.840217063830424493e+00
-2.083629618834085484e+00
-2.754437503593273107e+00
-2.519720423934012743e+00
4.894926744045773326e-01
-4.107033487240480119e-03
1.494017228399219910e+00
2.758756454953612103e+00
2.217471942150660347e+00
1.881576281198057643e+00
-7.548489632453070364e-01
-1.021442160459543835e+00
1.448950758748483336e+00
-2.133413280755823038e+00
4.425045353068444154e-01
8.288163319631141057e-01
1.974367513452481293e-01
-1.814319487070129799e+00
9.371560021856831790e-01
-1.749433730521331221e+00
2.871698655413912338e-02
-3.169671880979764822e+00
-1.765619677466344073e-01
-2.600223725804715613e-01
6.489312147553911725e-01
1.696199411460716622e+00
1.306631656847169198e-01
-2.489346813153562876e-01
-5.214955510550025597e-01
2.504646554143378001e+00
7.271531394860960562e-01
-4.448700054640740698e-01
-5.520590808458557541e-01
1.210757230187370359e-01
5.785605983755200965e-01
3.561597214689467550e-01
-1.861095824371214347e+00
-1.231208528114124512e+00
-3.542422054472987858e-01
-2.750938805398475573e+00
9.615419760009502603e-01
-2.455428542287172444e+00
-1.517005327580746910e+00
6.021219245721989299e-01
1.111686816056350668e+00
-1.235744884532792742e+00
