4.709718845946566645e+00
3.315183598291625788e+00
-6.001158238243615717e-01
6.147926639991144748e-01
-3.262955681199290137e+00
2.245878586679690869e+00
-1.023449237487306984e+00
-1.671137969775503329e+00
-1.394780916132839277e+00
1.181390052347719211e+00
1.118345046420977429e+00
3.710917781749758948e+00
-2.533423246140212193e+00
-2.655766340332675224e+00
-1.443200446354556410e-01
-7.463875831962069052e-01
1.796925999845489397e+00
-3.293195838071680814e-01
-3.125495661138100179e-01
-3.209498442566070864e+00
-4.473976360423974619e-01
-1.777003255629938216e+00
1.013523333397830406e+00
-1.220806119978228743e+00
1.690662688437787331e+00
-3.489162942083776198e+00
-6.427911350096183751e-01
-1.813216066617508337e+00
-2.459250466848549088e+00
2.102139371398095591e+00
2.074530579171784406e-01
4.412571404109520701e-02
3.511671676901945816e+00
-6.561181818161223589e-01
3.735824665138967937e+00
-4.490427166065388831e-03
1.110919438282756078e+00
4.244088880583638534e-01
2.556240114769111615e-01
1.245398607102341293e+00
2.259866207445655917e+00
-2.479362529033668494e+00
-1.961916458011021103e+00
-3.700781348850564090e+00
2.395126079619313231e+00
2.954963559257432593e+00
1.119968645351263170e+00
2.244545388719255685e-01
-1.193482553455904593e+00
2.354790404229020861e+00
-5.677879627121709682e-02
-1.804437912033963309e+00
-1.219350083742641200e+00
2.871435921374955735e-01
-4.019354787150329678e+00
1.768247678537411272e+00
-1.876970191662439003e-01
-2.111531753504643838e+00
1.524572594506878653e+00
2.323553097584601934e-01
-6.880822682623694009e-01
-8.488889761022889724e-01
-1.674299842343694444e-01
3.881708328844892808e-01
5.912255429792950823e-01
-1.077623170445624945e+00
-2.895917708746049701e-01
-2.479401643070982431e+00
-1.682100206122787989e-01
1.302191093202357042e+00
-6.321777753641326658e-01
-3.595562298588592665e-01
-7.753325365664338886e-02
2.657115150088783739e+00
-7.130742050978413626e-01
-2.463969425578108052e-01
2.416358472586719874e-01
-1.841813059435467581e+00
-1.136103676663496653e+00
-4.182242478805326402e-01
3.576157522313371473e+00
-3.826126696169826591e+00
-2.890677489705640313e-01
-1.908741376766889264e+00
-1.078594508792853013e+00
-1.951489321185019721e+00
-9.101164098967539084e-01
1.921030079501895305e+00
-1.417980737845697670e+00
1.090162204994711725e+00
-1.046247575657512696e+00
2.505875265650100214e+00
-3.767912877567325403e-02
-5.529117579062643451e-01
-1.231466085150710876e+00
-4.650859432669339211e-01
2.908290344415920714e+00
-1.809226757573908495e+00
8.005277360619577065e-01
-1.963479659478741812e+00
3.260660936874902216e+00
1.317464655968817899e+00
1.244251757154763549e+00
1.021382909830352181e+00
-3.721257103184477888e+00
-4.291882997818748713e+00
-1.496572213221613046e+00
-1.224472101236728783e+00
1.645980200871059340e+00
-4.450048040873478827e-01
-1.467959896803110453e+00
2.429435354436197514e+00
1.489888008982844125e+00
-1.790934781702733680e+00
1.666425356395102142e+00
5.107717616409257477e-01
1.076948533984379619e+00
2.995148964002376513e-01
-3.640786903228569571e+00
2.524174194378093761e-01
6.955054943045926308e+00
-2.975112057082369255e+00
2.560720539018413788e+00
1.238597522659505623e+00
-8.510896036735349224e-01
-7.035393486644537786e-01
-3.019064508194301943e+00
4.565478601891163057e-01
9.448539921258065633e-01
-1.991810996790907007e+00
1.847977493442290342e+00
2.036682240853827874e+00
4.029287720532152228e+00
-1.225326582056686098e+00
5.670711745077012811e-01
1.021038156804711772e+00
4.304170999473383996e-01
1.547705615735436857e-01
-1.402567098460879569e+00
-1.772843692605473365e+00
-2.789812468817347124e+00
1.413854996458010715e+00
4.783761095532939933e+00
4.451392652286930485e+00
1.727718348962145045e+00
4.167535484291070569e-01
-2.684432338893272263e-01
1.461166869911866562e-01
-2.616359738681828251e-01
3.460541694949418989e+00
1.566804049732382742e+00
-6.599703157848662016e-01
4.011698669165653097e-01
-2.182530810648058428e-01
3.419202444837584620e-01
1.404017385950350416e+00
7.134274373741298358e-01
4.956698311007477487e-01
-1.126179487522920297e+00
1.361408862756021021e+00
-3.327560553327018056e-01
-2.075014243525770130e+00
-1.015712893096104352e+00
-9.501525322998883860e-01
-2.762682054458263092e-01
1.707765546522061806e+00
9.192476587507749652e-01
-2.454645115105378583e-01
-1.871594583476521967e+00
-1.789883797292852963e+00
1.254171810752550964e-01
-3.393897913903773725e-03
2.021802243574768454e-01
1.003896084203127703e+00
9.417298053305011019e-01
-2.988217793614828532e-01
-6.556321030656915294e-01
-1.865736462653330596e+00
2.378036804161526074e+00
-1.916326514938812231e+00
1.953351310080284065e-01
-1.385296922864906577e+00
3.396349682878423426e-01
-2.157948573921546931e+00
1.522150564638061532e+00
-1.850675284462254822e-01
2.696209478540075311e-01
1.076038354025369292e+00
1.309709827211953392e-01
-1.315826015635539248e+00
-1.189364312902555731e+00
3.166221389890091498e+00
1.181316449352467490e+00
-6.315713550855295288e-01
2.438019402802405811e+00
8.156808361406481245e-01
6.227168457689894465e-01
-1.792417607765152798e+00
8.390609727383083749e-01
-2.082464111393077300e+00
-7.572269801284620128e-01
-3.874243289847906224e-01
8.359569381086366935e-01
-6.456500294548798147e-01
1.625422035335749582e-03
-1.945111821498269888e+00
7.932505380658116945e-01
-7.046222620396938030e-01
2.535187944908569246e+00
1.531342906200378939e+00
-1.646654512095456102e+00
4.976734304013346488e+00
1.650133573012983801e+00
5.225373784954058243e-01
-2.284423650239404857e+00
1.655374017369253270e-01
1.405375736233220596e-02
2.657630629795745270e-01
3.140135309469314073e+00
2.636701617445482704e-01
1.968905110853170493e-01
-1.140085851144034379e+00
3.414520244666001403e-02
1.238186470361807151e-01
-9.332023858451719833e-02
-1.863115371738948589e+00
2.807069399800657283e+00
4.530698466831735161e+00
3.214897965223595389e-01
-1.171635321816635100e+00
-7.459470571093429481e-02
1.611388789317073356e-01
1.816522967084471529e-01
5.820166878377415198e-01
-1.266715562857446464e+00
2.217754763928822648e+00
-2.377676595399976556e+00
2.274732144139223422e+00
2.298457573699480783e+00
-1.773135079069364961e+00
3.435409528062197015e+00
-9.133554388192082207e-01
8.064008740036732181e-01
3.358293839545173909e-01
-2.437916848390236702e+00
-1.081830539428385585e+00
-2.949943041413749967e+00
2.478465552859011822e+00
-3.241329370825815293e+00
-9.039560704971228988e-01
-3.920264752105149242e-01
-4.497653281958092775e-01
1.509664919641887204e+00
1.834477452356283234e+00
-7.468448009488795614e-02
2.129569956227025662e-01
1.367936136899875199e-01
3.328096573554264914e+00
-1.400802147166661182e+00
2.204997268143567002e-01
-1.247364407736894637e-01
-8.024446176079512716e-01
3.237319886324078855e+00
-8.511050892614828722e-01
4.817912383096982221e-01
