1.494417367336538183e+00
-2.198969910689068552e+00
-1.391659805293239183e+00
4.062866399910658455e-01
-4.877367786448736919e-01
6.482239111248732089e-01
2.103193240027549926e+00
2.451811821202918573e-01
-1.638891736565325496e+00
-4.523720496174016281e-01
9.818264031014375393e-01
-8.066132675332695623e-01
-7.527763350100403761e-01
1.991518865807230254e-01
-6.020799473545481728e-01
-4.599390625984518532e-01
-8.074814151017104674e-03
1.319478482732331370e-01
-6.201000606983070318e-01
-1.724257321281829514e+00
-2.896927960602881491e+00
9.566418317864218424e-02
1.507331545824355246e-01
7.698593456552956793e-01
-1.046381124379180738e+00
-1.861104535496680909e-02
9.312945513561351474e-01
1.492767387248743249e+00
-2.110756706232615798e+01
-2.422589461547015044e-01
-1.480592107457753270e+00
-2.059592529599220789e+00
6.209723773430939620e-01
-9.197255282106054919e-01
1.399095210737406059e-01
4.942842066254416467e-01
-1.044608808195517158e+00
8.458365247576600243e-01
6.460794119208648212e-01
-1.424165835610753161e+00
1.042071371816297054e+00
-3.755504646714425965e-01
1.219391893432586471e+00
-8.323624088288502643e-01
-1.415541982391756104e+00
-3.262602652282770688e+00
-1.727119556059680372e+00
-7.212879277493149388e+00
6.006836322588119392e-01
1.365839302770482044e+00
-5.642576579636660039e-01
-3.031490235665525446e-01
3.974690347159622883e-01
2.270220140733382852e+00
-1.335333580365404726e+00
2.922550549945768239e+00
1.026858660963208436e+00
3.526986939808526067e+00
8.209249169296505000e-02
-2.479356912854346617e-01
-8.350341711026814107e-01
-2.166181315899477489e-01
3.588668988098451251e-01
2.816458106693568442e-01
-8.577773939170331374e+00
-1.573763410440281563e+00
1.300765820442940646e+00
-4.808538738370422561e-01
-1.182869802797892334e+00
5.373948009974187645e-01
-7.237758154431818136e-01
4.717155647378339922e-01
5.584163880354269666e-02
-6.829308328889067692e-01
1.556291155724920827e+00
-8.365153810678087609e-01
2.295803172667135517e+00
7.455618466001727729e-01
-1.485671195716731452e+00
-1.271315587449529938e-01
-3.394600546886730186e-01
-4.632543028604895419e+00
1.449607344021791810e+00
-8.038621348318342186e-03
-7.529203878366860225e-01
-6.606546932478618572e-02
-2.192489917267076205e+00
-1.593516281275378366e-01
3.637654810237235248e-01
-1.655638378265402166e-01
-1.600246440445342921e+00
4.777099603393739069e-02
-2.552895703907852365e+00
2.612504731022682325e-01
2.948595897050589332e-01
1.278515508781230769e+00
-1.412161163590633650e-01
5.734344944231373198e-02
-5.611182716875526832e-01
3.645209368420733453e-02
1.084526090010065336e-01
-2.954994228506595544e+00
1.186790292614654296e+00
1.713331566165920528e+00
5.565552073070780814e-01
-1.175065396583518718e+00
-1.443991285301133631e+00
-2.870743650812312281e-02
-7.394863765331055605e-02
6.989250729759308722e-01
7.061301329475500044e-01
-1.164228631826330629e+00
6.811935147832958171e-01
-1.144362115339590646e+00
2.702555489659026922e+00
8.537087399794730525e-01
-1.381326783622343513e+00
3.052177994091669899e-01
-2.508612182261563017e+00
-2.187653011449293139e+00
-1.675242925836327945e+00
-2.262107363843754548e+00
5.787651221422374093e+00
5.991077657727801320e-01
-9.805648676939024422e-02
-5.304803012101658721e-01
-3.901931355564845494e-01
-1.195606275119334150e+00
-8.381298730846680201e-01
-8.205449540432919742e-01
5.920743946226734167e-01
-5.225892482739670220e-01
-6.521285237920457223e-02
3.573396339939543531e-01
-3.912761600653874572e-01
8.773660947163305357e-01
-5.814022724428314914e-01
7.405283931152075727e-01
-9.256209071097143415e-03
5.022426866679938762e-01
-1.031025411730141172e+00
-6.033900833772162242e-01
-2.727016304493881660e-01
-2.710370506342520414e-01
4.932257759183883983e-01
6.755882337595394693e-01
-1.965790853566037999e+00
5.211824503636427464e-01
-6.518132014006816632e-01
-7.733448859687872545e-01
-1.200346436366698799e-01
8.645127137004369189e-01
5.279185491456502843e-01
-1.894713566568963614e+00
1.330994789102331710e+00
1.616474071757976194e-01
4.787606320236900137e-01
-8.756519823529536062e-01
2.646858780819598134e-01
-9.989500339763200953e-01
-2.654676559034719885e-01
2.089397694841478859e-01
-1.281950278881982097e+00
-9.425784655756215547e-02
6.332105882534573293e-01
-7.682165695792648741e-01
1.729812529389503639e-01
-2.117234232987136866e-01
4.425177686145435052e-01
3.632907984106876209e-01
-6.180213565346774907e-01
-2.736109733617682949e+00
-3.697618339556794642e-01
-7.692148432141687753e-01
-1.459691411264864236e+00
9.179029950727885315e-03
1.802272786289849771e+00
-4.598776292823966716e-01
6.929586590010961000e-02
2.074304341436266630e-01
1.773844055043732215e+00
2.710512993842234541e-02
5.780118091754311571e-01
-8.221498717401606871e-02
2.459989834211683338e-03
-2.016620265571594572e+00
-4.746238016504535473e+00
2.763097417268442157e+00
9.561460425862927659e-01
-1.161542694326643255e-01
-8.634404849817608474e-01
-1.488489813664928718e+00
4.990914874305792392e-01
-1.918660367907974562e+00
3.946090616353619684e-01
-3.563237273168635699e-01
-1.387607022725949324e-01
-2.909187706211867397e+00
8.283809500806997572e-02
4.385488194690323915e+00
-6.647224127649975500e-01
5.402686790472824852e-01
1.641710160346339986e+00
-3.018800458861837788e-01
-7.006242573736350954e-01
-1.977723563093339409e+00
-1.702872211231595490e+00
6.840782340092674829e-01
2.749087973773319593e+00
4.977694412047053429e-01
-2.132604907234617597e-01
2.556473248433052126e-01
5.993547801353230620e-01
1.746482752366822488e+00
-7.777855953872344630e-01
6.516654367713448082e-01
-5.220577908846871229e-02
-2.014003159831232903e+00
-1.062727371035011803e+00
1.483491898660989350e-02
-1.319997472092263147e+00
5.138791559321754798e-01
2.799710930478182647e+00
5.718228639768052624e-01
-2.523859402384234785e-01
-1.186620694314354019e+00
1.579957797375605821e+00
8.972814903754217086e-01
4.351564850546886021e+00
-2.758854382432157637e-01
1.353372294145118726e+00
-1.839162077944413332e+00
-1.073157865642870412e+00
-6.069186568530700043e-01
1.281830022326202911e+00
-4.438793536662475891e-01
1.630071810101259677e+00
-1.389325882596087913e+00
-2.705259222660162388e-01
1.418938858570760742e+00
1.485434049731694683e+00
-2.186754069073803056e-02
2.553218164883062968e+00
1.765643013295913333e-01
-3.228559001222707781e-01
5.658100419988816299e-01
1.707832085942923017e+00
2.124486087383817279e-02
-1.621209008514970518e-01
1.045668929748980958e+00
1.218844154147665559e+00
2.507687108314528679e+00
-1.097118150543599846e+00
4.444182136817821926e-01
6.658508037435479920e-01
3.735309562285499263e-01
1.816603786675038690e-01
5.757617266997186456e-02
1.673873893196930751e-01
7.821954625518258430e-02
-3.282434206288889489e-01
9.884188823867783302e-01
1.564721678218654155e+00
1.180158640057062280e+00
-3.679026158973863203e-01
