Best Solution: [ 4.92423498e+00 -9.84165430e-01  1.39782745e-01  5.03275423e+00
 -3.62636798e-01  1.00162427e+00  6.21270978e-02  1.47933805e+00
 -1.46192102e+00 -1.16787978e+00  1.67152548e+00  1.65103237e+00
 -2.82834884e+00  4.00074801e+00  4.86732388e+00 -9.87923772e+00
 -4.12768683e-01  1.67362072e+00  1.98002703e+00  3.18443354e+00
 -6.24954308e-01 -2.75512502e-01  3.79929772e+00  7.27256822e+00
 -1.98142718e+00  3.53023208e+00 -5.55608855e-01  2.02117372e+00
 -2.90179276e-01 -7.58485079e+00 -5.84822597e-01  3.53761616e+00
  7.57428003e-01 -1.12254329e+00  1.42703386e+01  3.65120107e-01
 -1.74761097e+00 -2.68792375e+00  4.10863797e+00 -3.81850760e+00
  8.12634712e-01 -1.63089884e+00  1.96618550e+00 -1.19838955e+00
 -3.86557408e-01 -5.12150660e-01 -7.79314106e+00 -1.34653915e+00
 -3.24195477e+00 -2.36371830e+00 -8.08241659e-01 -1.27312335e+00
  7.91429662e+00  6.06144193e-01 -3.93375816e-01  4.93543999e-01
 -5.02558612e+00 -3.01810443e+00  1.43544610e+00 -3.96463517e+00
 -9.61874166e+00  6.14891905e+00 -2.40029340e+00 -5.39265825e+00
  8.45934584e-01 -1.09936805e+01  8.85494660e-01 -8.98729196e-02
  3.13264816e-01  1.27394909e+00  3.83081127e+00 -2.71127337e-01
  1.93071732e+00  2.70915076e+00 -2.41546354e-01 -6.44247271e-03
 -4.97771343e-01  6.10434909e-02 -1.10818974e+00 -5.11085912e-01
  3.99776825e+00  6.28595936e-01 -8.04558733e-01  1.24208890e+00
  2.00848632e+00 -6.40936621e-01 -1.45319002e+00  3.13418919e+00
 -1.46470217e-01 -5.78853254e+00  5.38991858e-01  9.65657704e-01
  2.17947799e+00 -1.63342823e+00  7.03193776e-01  1.18211902e+00
  1.73477967e+00 -6.17960369e-02 -1.05146513e+00 -2.96514755e+00
  4.76207032e+00 -1.08747470e-01  7.65501948e-01 -1.29242146e+00
 -2.40652133e+00  4.20386443e+00  2.51799141e-01 -2.00998759e-01
  1.16872123e-01 -4.47612714e-01 -4.84451368e+00 -5.27141935e-01
 -4.14772880e+00  2.41850658e+00 -1.38031417e+00  4.85640813e+00
 -3.55698963e+00  1.51101603e+00  1.92355680e+00  4.48369611e-02
  1.67175094e-01  2.44592111e+00  2.05363637e+00  1.41918272e-01
  3.27305444e-01 -7.67616771e+00 -1.72510727e+00 -1.91963241e+00
 -7.67308808e-01 -7.14026972e-01 -5.26105785e+00 -2.14994438e+00
 -2.02984856e+00  1.11076670e+00 -3.46748757e+00  1.77160434e-01
  4.51092061e+00  5.48988944e-01 -3.37816850e-01 -7.12360469e+00
  1.94758316e+00 -2.56193280e+00 -3.49678391e-01  1.90299287e+00
 -1.28150016e+00  1.06455138e+01  4.76120407e-01  1.78551858e+00
  4.32082580e-01 -5.78238929e-01  4.02749414e+00 -1.14682288e+00
  1.14038415e+00 -6.49037963e-02  9.37324416e-01 -2.29793626e+00
  2.49882026e+00 -3.75168424e+00  2.05748010e+00 -5.94721883e+00
 -1.62545126e+00 -7.11587731e-01  1.05319050e+01 -2.90371779e+00
  1.05737032e+01 -2.14269232e+00 -2.88529665e+00 -1.34952057e+00
 -1.19379182e+00 -7.68724271e-01 -3.78800912e+00 -8.33501541e-02
  4.69430076e-01 -1.20181147e+00 -3.62859146e+00 -5.77799673e+00
 -6.38274646e+00 -3.05408355e+00  8.43121036e-01 -1.23337885e+01
 -3.09472897e+00  1.21488282e-01 -3.32895297e+00 -1.08599363e+00
 -3.92825651e-02  9.55848113e-01  1.37034954e+00 -6.39269911e+00
  1.48266447e-01 -1.52089557e+00  2.93932887e-01  3.09800504e+00
  2.26894867e+00 -4.00574251e+00  6.05896844e-01  8.60927219e-02
  3.54597122e+00  3.39989446e+00  2.75267400e+00  2.47376487e+00
 -5.37200672e-01  9.67662293e-02 -1.39327914e+00 -5.24403394e+00
  1.17064302e+00 -1.77700131e+00  2.94665895e+00  1.20528236e+00
 -2.41183296e+00 -7.01958070e-01 -1.73469202e+00 -7.48911189e-01
  3.41542425e+00  1.48055792e+00  7.22178355e-01 -4.19545059e+00
  5.61791974e+00  1.57949052e+00  7.23451707e-01 -3.29424614e-01
 -7.77650986e-01 -1.51131939e+00  2.43116297e+00  2.34774378e+00
  1.84550425e+00 -2.55373489e+00 -8.68052388e-01 -3.80392591e-01
  4.50411562e+00 -1.73166468e-01 -4.46592267e+00 -1.33341453e+00
 -1.00863227e-01  2.64876918e+00 -4.89383196e+00  1.30722998e+00
 -1.13780141e+00 -5.23875458e-03  8.79243520e-01 -3.58768872e-01
  9.97138113e-01  8.41847019e-01 -4.63020414e-01 -1.82529265e+00
 -4.39465963e-01  2.58393300e-01  5.67324155e-01  3.99048738e+00
  1.74296863e+00 -4.18997936e-01 -1.30397079e+00 -2.57850718e+00
 -3.88714785e+00 -8.06021742e+00  2.11697263e+00 -3.23682393e+00
  1.47719551e+00 -1.92519334e-01  3.30787069e+00 -1.91497946e+00
 -7.30465283e-01 -3.35507796e-01 -3.92393490e+00 -2.10803434e+00
  1.28503364e+00]
Best Fitness: 93.295800
