4.303188602357276848e-01
5.106160427401186253e-01
-1.186403098291598068e+00
4.870865582691929485e-01
-5.197808696947406881e-01
-7.308769085817526379e-03
-7.530284822258173638e-02
-7.694482395781403472e-01
4.659219806956478582e-02
-1.829379384768965000e+00
2.827534061160943968e-03
-3.978652593058096265e-01
2.546938156152962041e+00
3.012703121539475615e-01
1.067719816104736319e+00
2.535248279298589480e-02
9.359154687436214148e-01
3.021216083516642392e-01
2.301643365568329713e+00
-9.227655248862759452e-01
-3.557046012134714164e-01
-8.016590815442053986e-01
-5.875556005338452570e-01
-5.461224419748466063e-01
-4.075117380367952458e-01
3.067739602426375889e-01
-3.505590405376546315e-01
1.849561537943225309e+00
2.252127381075928358e+00
9.024646201757937636e-01
4.303826344047411157e-01
3.620705695352881559e-01
1.209026835295354374e+00
-1.100898321706186067e+00
1.629801586630244881e+00
-1.831191739203590352e-01
1.841356273427169121e+00
1.070618799487910167e+00
5.897525353674941684e-01
1.012302642910944517e+00
1.036669188135139530e+00
-1.004179405953357973e+00
-1.826302055521384471e+00
1.493741978346762700e+00
6.378592913026555067e-01
-3.787906814608882899e-01
-1.482951070982120312e-01
2.079355809051747495e-01
6.772543855612469521e-01
2.451409952309152873e-01
1.493608062554875326e+00
2.519106745669308811e+00
4.118478353954647120e-01
9.428297648372249706e-02
1.672763650322560469e+00
-1.849835992365155002e-01
-3.523618859079823196e+00
2.615283063925266660e-01
-5.035681070987026997e-01
-2.910817672414395263e-01
2.622682546123278891e-01
5.064782245907784031e-01
-1.077408522344969199e+00
-3.288019873797642934e-01
1.056021235247358359e+00
-2.111290062678721213e+00
6.966301964859987761e-01
-1.052521135803013985e+00
-1.203113832465440014e+00
-1.531521442751801465e-01
1.925419342379796617e-01
-2.181141650812148114e-01
-1.945177908181093596e+00
-1.419326584720796758e+00
-6.811222824197373793e-01
1.602494337736201535e+00
1.817390732956560173e+00
2.538405196463357494e-01
-1.067435060086696197e+00
-3.008219281875256890e+00
1.375901462832748834e+00
6.859636565269465747e-01
1.152425609603237033e-01
2.928351049134904627e-01
4.270112671954766626e-01
-3.864467705849853552e+00
-1.312223585565356121e+00
-2.655425564069437083e+00
1.376000807542693938e+00
-1.153092339331408755e+00
-1.070519490092360471e+00
-2.040906816957210879e-01
2.524946200566245302e+00
-1.308744225216202484e+00
-3.376323272289347144e-01
-2.952932721097897062e+00
4.979581692239161139e-01
-1.554559197999531017e-01
-6.669350915492868737e-01
2.021142354873204372e+00
1.985249256058246869e+00
1.014028130261737104e+00
-6.749367883832779746e-01
-1.071417583547469576e-01
-1.214533105395071200e+00
-1.528811476654889034e+00
-1.539598999499698639e-01
5.921202790960939932e-01
5.446123171853286538e-01
4.039101618725475518e-02
-1.755992465272677994e-01
2.710046290108494293e-01
5.381782511496530086e-01
-1.850160627020848603e+00
-1.581977495558620550e+00
4.167597114507704537e-01
-1.064368947684703803e+00
8.739841544548772323e-02
1.058390412488375010e-01
1.021097754693642834e+00
4.842462105539707684e-01
-2.703706138238184398e-01
-3.133759816457396763e+00
1.115667260280108208e-01
-4.035621615410320828e+00
3.585787332197653221e+00
4.055370539418845510e-02
-2.022373926858487714e+00
-1.331460371258278430e-01
-2.856498276698263616e+00
-3.912236635682759811e-01
3.375059280431582098e-01
-4.673918945448730100e-01
8.686248827977169906e-01
-1.115954101314615032e+00
-1.991830207962339117e+00
-1.160084627614513586e+00
-2.092792030580610696e+00
-8.233699687503297504e-01
1.422531105634750492e+00
-1.028672935447878800e-01
-1.185710942328188189e+00
-2.466217534579425719e-01
2.451030515377983221e+00
5.720050625974204550e+00
2.587433069051462975e-01
6.703032296100155385e-01
2.116237811400643876e-01
4.213676705280977597e-01
-6.230465394307083127e-01
-1.187103844092068927e+00
-5.765366756429374240e-01
1.744674305764467581e-01
-9.306116911366922595e-03
6.811124019250975881e-01
4.761917916070077528e-01
-7.056110992146568117e-01
-8.302629597206884204e-02
1.023190168756639595e+00
-8.300450692701470679e-02
-3.719842110223448017e-01
-6.939166370366230963e-01
6.876308748596431375e-01
4.242221084767758832e-01
-3.823392115154494730e-01
-2.480616353150136844e-01
-2.095668553992816319e-01
-4.208117706149899218e-01
-1.233636076481002597e+00
-5.323411410538146704e+00
-1.979683783764836447e+00
1.546706456877928737e-01
-4.801006043951139834e-01
-3.714218581503297978e-01
2.469781728340065818e+00
1.177383906522948998e+00
-1.736950645925115222e-01
-3.811562073382935290e-01
-7.592451488407371551e-02
9.198296599951302221e-01
-3.474050660062970586e-01
-9.243975399035774254e-01
1.698563825289986839e+00
7.473701728359328778e-01
-5.427592181515683567e-01
1.357447083313520486e-02
-1.004850525209561418e+00
3.009970553685033523e-01
-3.902931043873254513e-01
5.245062686957433495e-01
-9.698787999704732155e-01
-2.283353934147411390e+00
-1.032549347164067738e-01
-8.328834186952950303e-01
9.239243184607739412e-01
-1.288988555811339531e-01
8.238118788343544441e-02
1.217618817724801294e+00
-1.017875193023760838e+00
9.464915333262298169e-01
1.034119373780422457e-01
-4.072768583167356016e-01
4.591752144872131014e-01
1.130497115124845520e+00
-9.787725064984818812e-02
-1.246205588983084089e+00
-2.404845720591697322e+00
9.876534013256624278e-02
2.332346013682473629e+00
1.149544990487174179e+00
-1.228188407393961290e+00
6.010681399415452875e-01
2.034086182166957357e+00
3.818473185862391456e-02
3.307294983099883234e-01
-1.984174097608126353e+00
-9.059916472194028403e-01
1.675860308407290056e+00
-7.470537314264062978e-01
4.704452041544682217e-02
1.370233175114340396e-01
-3.205664839438766844e-02
9.351512189649115181e-02
3.522213595510543249e-01
-1.884754973353337526e+00
1.349352948035549060e+00
-1.578895189069629557e-01
-1.116926371839243926e+00
4.346760008070861547e-03
1.141275991579526333e-01
-1.527551438270357664e+00
-4.145168638199107636e-01
7.116662806049499634e-01
5.451862554365326519e-01
1.024828994657860370e+00
2.316637544603859400e+00
-1.405944104185627541e+00
-2.752118490360430658e-01
-5.836978311410358222e-02
-1.552442080330462604e+00
-6.872277948727992802e-01
2.842217450666053025e-01
-2.267744053026899298e+00
1.950724314708269236e-01
-5.963428416968827861e-01
9.368120889562111531e-01
-1.546518468709269789e-01
-4.364141995110006889e+00
-3.519205129213317518e-01
-5.833835604904813454e-01
-7.357150571447541587e-01
-8.206828614014977097e-01
-2.227185275800899422e+00
-5.873045735813896551e-01
-3.092824250460630142e-01
-8.318801391809969026e-01
5.806442067019070008e-02
1.884242075108268688e+00
1.444862036036866249e+00
5.481497655889703280e-01
-3.211240434323800463e-02
3.590378283051569586e-01
8.862623482496134741e-02
-5.846209001551051498e-01
8.823013776213478598e-01
