2.325782859503540412e-01
-1.689049289412565047e+00
-7.380590502648249895e-01
4.080297814544857626e-01
1.069140949784390671e+00
1.058212839687213247e+00
-3.576257248240707343e-01
-6.003050334887284345e-01
-7.112304941868923258e-01
-4.341688949025152566e-01
1.963422057010416166e+00
7.848664410643838574e-01
-2.089049079725969205e-01
4.141783012802275898e-01
1.937881750230954214e+00
-2.163949136826578967e-01
-1.898582261475640465e+00
1.131207617806762489e+00
-1.657175814232710320e-01
5.381115837618217768e-01
-4.423695802490040241e-01
2.129400411327004417e+00
-4.542159232829503512e-01
-7.784371745763452033e-01
4.269485286631147236e-02
2.129961612741523846e-01
8.034101842000004878e-02
-1.404816193960234383e+00
1.769492683670584432e+00
-2.862345594641817481e+00
1.133815356740007219e-01
2.944357674698372743e-02
-1.287455586965348120e+00
-6.072730926604643642e-01
-1.219911519898313257e+00
4.849732057161166843e-01
1.411493801904033951e+00
-1.255487436017564740e+00
-1.612166371942274079e+00
-1.317056133976630461e+00
-1.192897028280515970e-01
1.033186194069481145e-01
-9.565544493554283267e-01
5.319682718379479258e-01
-8.878027919873095197e-02
-1.001504769551828933e-01
-4.116789274984061775e-01
2.023275241830113647e+00
-7.045788061032068894e-01
1.830478136174923165e+00
1.092547929935235029e-02
-8.336269888508176518e-01
1.202198885251797744e+00
-5.662960099492766464e-01
5.591531327995677980e-01
7.861573639689090065e-02
2.035456676572750645e+00
-1.156375383441820226e+00
-6.219779760509588917e-02
-1.387147990532984654e+00
-8.412129384553056477e-01
9.948383687513967510e-01
6.161896562600661653e-01
-1.150106610679245411e-02
-3.053038580394260015e-01
-3.416874645813954281e+00
1.708716729729354178e+00
7.765917112797081356e-02
-9.031815454727524228e-01
1.307649824824478335e-01
3.146513046676517322e-01
-1.210707819009234631e-01
1.846510522915903119e+00
6.360246305655357091e-01
-3.863585042800761205e-01
1.474908982956885994e+00
1.225509573475916714e+00
-1.164265338420864992e+00
1.867685836179248993e+00
5.049670004095603293e-01
2.368333460805236157e-01
6.276853593006855858e-01
-3.314600834415203923e-01
3.139726741370202134e+00
-1.358482679090038614e+00
-1.396005429474991510e+00
5.511040526840644826e-01
-7.591554956535684351e-01
4.935716958791266928e-01
-4.078972790320085640e-01
4.920947348558102341e-01
3.149766621791540433e-01
1.692246010559773861e+00
1.029061342009263802e+00
-1.472484318444184259e+00
-6.975653518174115275e-01
2.266040675166340002e+00
2.212423382654752912e-01
-6.259983069375592013e-01
-9.675118985844183284e-01
4.870549278962920670e-01
3.588152330583812555e-01
-5.240029710839353427e-01
2.552945391579979906e-01
2.297908182849583425e-01
7.345076683437713472e-01
-2.466674149605080579e+00
3.124073523267307251e-01
1.217127844061760111e+00
1.246164233154279710e+00
-1.508572160910690019e-02
-9.309245300155019054e-01
-1.863363485299525668e-01
5.455447848678318667e-01
-3.920654249383832557e-01
1.162630560072750008e+00
-4.591256322776883780e-01
-1.266435949186282883e+00
3.863081930865862323e-02
-3.018069738801099966e+00
4.521619470934344354e-01
3.251656903934104642e-02
3.186973544540744330e-01
4.510024509102505963e-01
2.080674354458151853e+00
1.479911088161733668e+00
7.259043706772155824e-02
4.779946531338061244e-01
2.312381203128895946e-01
6.607711207959988675e-01
1.679138711067453160e+00
-1.964692668625330541e+00
1.008382767619737219e+00
2.386356223439796698e-01
1.403711148691646260e+00
3.742220276268882206e-01
1.821816061319531332e+00
-3.179306054501398471e-01
1.129186216436878221e+00
1.952159552318291080e-01
7.445396743998305977e-01
3.942533720249219442e-01
-1.089009155527259853e+00
-4.188578216995907377e-01
-1.478310828683639944e-01
-1.881618326937125885e-01
-1.326398237121049428e+00
-8.188948635816476473e-01
4.812777155758534153e-01
1.120799648138010030e-02
-8.343530253857873724e-01
-2.235487939646875200e-01
3.464864636115014829e+00
3.849197541405561251e-01
-2.107286935776080117e-02
-6.689714107995475834e-01
-1.077530538709391972e-01
5.556804135186155236e-01
2.968809366198464694e+00
1.333861844993819989e+00
5.792183477184961182e-01
2.811349564969301884e+00
-7.004536170138009332e-01
3.028858424801864069e-01
-1.256091182861610811e+00
5.806038351243811846e-01
-1.023528792794735076e-01
9.566206355190052246e-01
-1.016107739361513884e+00
3.882193033475607735e-01
1.756592266047242723e-01
-2.285809739041758104e-03
-1.151583309080367046e-01
1.869277435331744286e-01
-3.272733280277627665e-01
1.091009570624612790e+00
-1.117915788697415147e+00
-9.612795886180321991e-01
-3.374258503938925013e-01
6.149137008556632145e-01
3.596951086147255339e-01
-2.497492064483895380e+00
-2.299967431528019635e+00
-6.729373375587077710e-01
8.796691954554276549e-01
1.368452334400806158e+00
-4.511878375317365797e-01
-7.103191634290985379e-02
6.401452804765492832e-01
1.219771915732324352e+00
-9.617172890229842563e-01
-1.996974011703485097e+00
2.823060403440120769e-01
4.105363949606327667e-01
1.064306394848600679e+00
-1.415171668198410629e-02
6.942432795708710636e-01
2.384868290169363247e-01
3.211187476729716050e-01
1.609627502350619577e-01
-1.498582074610570025e+00
-4.883026151295465356e-01
-8.972016524902960422e-01
-3.746587083702200838e-01
5.541579222517172276e-01
-3.619320487015686982e-01
1.284271401384706524e+00
9.676666337324044687e-01
1.335193227866284582e+00
1.905039013360233513e+00
5.308686714910945126e-01
1.511352300350590205e+00
-6.836263149686769292e-02
-2.582323671791152409e-01
-2.213381874139240146e+00
-2.853631521447058672e-01
-7.069284597574991835e-01
-1.860728862643423742e-02
3.608651329683100484e-02
6.644363680255991333e-01
1.415343208524980190e+00
1.502148945155277859e+00
9.837802576056582371e-01
7.971743995928437521e-02
1.406955491783641043e-01
-4.846782590124472101e-01
7.354078362476733632e-01
2.240446813728518005e-01
-1.867568074498777708e+00
7.894143678655427543e-01
6.358822996391579885e-01
8.663073490071859784e-01
2.633534026171690523e-01
2.555595641989316658e-03
-4.842048739239551147e-01
6.268767277977728147e-01
1.002685144553785879e+00
-1.019884946366038214e+00
5.098236045108011094e-01
5.981645259673968873e-01
4.062464037237634717e-01
7.736338508952224358e-02
1.228204457714137110e+00
4.164368020610111909e-01
-1.218006021109708931e-01
-1.522930358408592033e+00
-1.408349933804843301e+00
1.406391189460902691e+00
5.485113982575162694e-01
3.446699709000858314e-01
4.697916761873309477e-02
3.625579833726030876e-01
9.982792075114123032e-01
-2.009572118703470966e+00
-1.459047631420562485e+00
-1.715504187583016149e+00
-1.184538625454220284e+00
-1.101512949147652076e+00
1.960064429423784782e+00
-9.338613251554126471e-01
2.546613369101875524e-01
-9.457277032587707577e-01
-4.287172172009290350e-01
4.174383092824885400e-01
-9.048920341278129942e-02
