7.677266068351213946e-01
2.092587177086528083e+00
-8.245723319767301884e-01
2.053445663963032741e-01
2.240772765288370216e+00
-6.549571620473634836e-02
-5.015207110672155189e-01
-3.832759357510080012e+00
-3.758634474201671960e-01
-2.571423315287168165e+00
1.040342525344762015e+00
-2.782878081991724262e-01
5.557031431677784683e-01
1.969965161287982713e+00
-1.965459452921833050e-01
1.612061289307967993e+00
1.070977757094924598e+00
-6.601726347428822361e-01
-6.833976075775205494e-01
6.738472361143983402e-01
-6.749202306122125128e-01
2.239458160554095301e+00
1.949831390102509387e-01
-5.328900144763012436e-01
-1.616670074887368358e+00
-1.620471726704318272e+00
1.569155166246213984e+00
-1.082823996285775747e+00
-1.695266809022273613e-01
-3.176687965332154917e+00
-2.081900473377492844e+00
-3.701355153572165602e+00
4.300297853899538725e-02
3.931902863731070452e-01
5.725395972744895534e-01
1.049078556754532432e+00
-1.558523844747285558e+00
2.926079416033739555e+00
3.846031090671444552e-01
-1.112006321662986519e+00
2.312128154734721663e-03
-4.712003524779319719e+00
-4.542949507352634697e+00
-7.263547816193228757e-01
2.118164388464998660e-01
-3.341025144130200797e-01
-1.437043218567180203e+00
8.039857939761030359e-01
1.710929150286747635e+00
5.743494110217194359e-01
1.224502596913018992e+00
2.679868044782802716e-01
-1.150652304991735875e+00
1.225330635582655869e+00
6.959009976367871997e-02
-2.748737943771635273e-01
9.631614093931054055e-02
1.841772850144797413e+00
-1.301458625272781777e+00
6.890265831480953951e-01
-8.329609664511870015e-01
-1.102099273134878876e+00
-2.301753199543745243e+00
-4.531154134727991334e+00
3.109580622841119912e-01
-1.933061179314062628e+00
-6.144657463402848352e-01
1.152876375189017200e+00
1.065969182476556476e+00
-1.734194042494503041e+00
-1.964124984418785802e-01
-6.515327545967531941e-01
3.659641018882719421e-01
-1.428147514711560095e+00
-6.972352712037178657e-01
5.274681091003575739e-01
1.744187729173612755e+00
1.751262861647757241e+00
1.120635809138605943e+00
-4.770694693651019724e-01
1.931684860693137162e+00
-1.961424131237723634e+00
-1.067612426583026686e-01
1.106868154876839760e+00
-2.517806427832303684e-01
8.076446162276074148e-01
-3.135794888143556225e+00
-1.204886182648144066e+00
-1.062764113079126549e+00
3.304430500535185389e-01
5.923150098700390859e-02
5.904873803712618052e-01
6.813950034452830318e-01
-2.863484543748981537e+00
7.380740353836050538e-01
5.478024282333167072e-01
3.579490663039944565e+00
-6.634026702628081917e-01
3.089449522146237470e+00
-9.822104664225763671e-01
-1.323672768540475664e+00
-1.290727115984840356e+00
1.989083826570655411e+00
-6.085907081520085526e-01
-1.036842648685256885e+00
-4.503174387267430689e-02
-3.629460656473340485e+00
2.440087209467188156e+00
-9.034317547601929121e-03
1.482054041776676989e+00
-1.614301628035310188e+00
-1.622827270136075528e+00
-1.382927915368594274e+00
8.449384364697942740e-01
-3.668859599562154239e-01
5.428602728563919344e-01
1.561973381370658498e-01
-1.884385179423434753e+00
1.353539253782371832e+00
-2.309911536195846937e-01
-5.935034207358978797e+00
2.525099911139386810e-01
-8.691483174004365209e-01
-9.772390369988629422e-01
7.445858961349832716e-01
-7.922852202832371127e-01
9.922860413670371305e-01
-3.516571515979696749e-02
-4.157790294833835221e-01
-1.392275630472471715e+00
-4.558490642288274053e+00
-9.198510082772912710e-01
-1.110768661132543605e-01
4.181898374227801390e-02
-2.547152603370567814e+00
-1.234906617929292683e+00
-2.364124394432118581e-01
-1.434237923022354533e+00
-1.184738056675360474e+00
-2.352216551865160987e+00
-3.477586945905116522e+00
2.047097990294643122e+00
-1.764919216132716517e+00
2.626120090938809604e+00
3.022311633925500729e-01
1.030587110990893951e+00
-1.602623241226484252e+00
-9.055052986181874597e-02
1.968666016219039250e+00
1.275742980322644993e+00
-1.320634642848175444e+00
-7.426866356840239325e-01
2.882608643889807976e+00
1.408439970509350214e+00
-9.552736197478267632e-01
-1.578369786066530445e+00
-1.326223417954951689e+00
-1.032527558633859588e+00
2.029904725375816454e+00
-1.189611518753793951e-01
-1.566758827940958554e+00
-1.364994649702750085e+00
4.843379520566089558e-01
-1.006351640754802546e+00
3.040561676346394127e-02
1.526023150022801922e-01
7.945840671593746851e-01
-1.237313847682480317e+00
7.285076070173515106e-01
-2.638347903946689499e+00
-1.263482684603686623e+00
-9.758829866425534627e-01
1.581421205071383840e+00
-2.265667129931919987e+00
-1.856721578160599184e-01
1.162269349343940883e+00
1.508764361313196245e+00
-5.211398446782744553e-01
-1.873411644713203872e+00
-1.205301354350010623e+00
-2.085947862776852624e+00
-9.601220693555913011e-01
-1.329889700898982285e+00
-1.181379433477300622e-01
2.933492568290700375e-01
1.283784649171118009e+00
1.056469082560717795e-02
1.002128592160980436e-01
4.273912855573146485e-01
-2.296299232294376491e+00
6.965651006331512463e-01
-7.710521987771562502e-01
1.582355503473922065e+00
1.118902186059108628e-01
-2.615063871157751407e+00
5.358433588210753662e-01
-4.695647329094768674e-01
-2.934382564194830123e-01
-2.536605335993703525e-01
-3.730709083393934922e+00
9.603345257627834419e-01
2.785462707677356153e+00
3.104966985681059111e-01
-1.191186770041881005e-01
-4.577056000842442129e-01
-9.458955877430696990e-01
5.634604158436473664e-01
2.021151900368099330e+00
1.834384021572359469e+00
-3.737933611413331025e-01
-2.077591796743802899e-01
1.113827595838731588e+00
-2.269982932911691897e-01
7.600678553244711866e-01
-1.106963436983960047e+00
5.873222821733576904e-01
-4.068166259486706571e-02
-3.577161667611208351e-01
-8.960674683835043730e-01
7.506553010762835321e-01
2.189787475177884080e+00
-8.903982744544214345e-01
-1.361082167975930401e+00
-3.482851584840145343e-01
2.885039400346690819e+00
2.487614184802445116e+00
-6.065354067296908624e-01
6.958539065208604324e-01
-5.662822884837223070e-01
-3.590799642575205897e-01
5.251117911065723565e-01
2.350516876106692354e+00
-6.869622534035273453e-01
1.690652975536085512e-01
-5.344484873754494769e-01
6.662794648749530424e-01
2.655635261450295381e-01
1.443141619588121705e+00
2.084926632097209021e-01
1.547445693382006215e+00
-5.175552865217041276e-01
9.152556939292744165e-02
1.759284562934676499e+00
6.402652106692159339e-01
-3.653410316087098431e-01
2.247785617182291862e+00
6.219659878443604129e-01
3.569834977921589880e-01
-8.092265387174241154e-01
7.560294894056919235e-01
-4.156866398009499974e+00
-2.382614932070107883e-01
-1.118374496498601101e+00
-6.302249214116166787e-01
-6.640425133870466734e-01
-6.523294555795651484e-02
4.272612660060265966e-01
2.532673172307763898e-01
-4.433528174186999737e-01
-3.856817095753363844e+00
-2.611710899802952124e+00
-2.587659001253805879e+00
-7.477390525824598733e-01
-7.809789216363582920e-01
8.711309483305209600e-01
