-4.670603367989193400e-01
1.422475877969691993e+00
1.699189714848072241e-01
-1.394426024576791434e+00
2.613064090847891041e+00
-3.355807837845741215e-01
1.417258470292874994e+00
-5.534044318208755087e-01
3.327847582441397223e-01
-2.807375573612354014e+00
-4.442487610974516499e-01
7.207505763638115681e-01
-7.137385488282599333e-01
-8.062025455636223636e-01
1.409189372214551650e+00
-1.895441857753682680e+00
1.239727621373493405e-01
-1.321821249477023730e-01
-5.102652088328631930e-01
1.059623867105615957e+00
4.548097598580202461e-01
4.611524636273324207e-01
7.873693603506478622e-01
2.372787289012809331e-01
-1.856671896821465051e+00
-2.393522935479432956e+00
3.733566980472006747e-01
-2.500752845599246155e-01
2.121151187516551850e+00
-1.731394020935450140e+00
-2.129348042911423988e+00
5.318931325538459043e-02
8.311332598769931579e-01
-1.291017495483448130e+00
2.562796383394783994e+00
-4.520953874331197775e-01
-1.906065084605459647e+00
4.691248174612996813e+00
-1.753529901201640762e+00
7.094371338054997755e-01
1.194118025627467938e+00
-1.417930171288529717e+00
-2.088397312922007032e+00
-1.703668510550721882e+00
-8.850968301492885271e-01
4.181963791282087284e-01
9.773866256955393572e-01
-9.733585771655048346e-02
-1.789140704839481844e+00
-5.715677719579110860e-01
4.131471350915709162e-01
8.941707728834609181e-01
1.864913427791202283e+00
-1.961945648550722232e-01
1.174826018077943957e+00
-7.313548964426109800e-01
-3.146029268929241063e+00
3.883836925248331240e-01
1.684875632505795195e+00
-6.125544353777717665e-01
-5.571424595416612363e-02
3.381820522965298448e+00
2.798331375634344642e+00
-5.192336722400392457e-01
-3.775808526222318218e+00
-6.988322971620186674e-02
7.329832355789939191e-01
1.287596043794616341e+00
2.275569644773489664e+00
-5.906766357660108158e-01
-3.160181802659005612e-01
4.243744491034043276e-02
1.397204440976598461e+00
-2.325749692457674378e+00
1.775238649219025078e+00
-1.718907106720757749e+00
9.407853479828642840e-04
3.315801020973033753e-01
-6.025575263288377448e-01
-1.189990443866990155e+00
7.368687109195045659e-01
-2.473362539223512790e+00
9.809154702361096989e-01
7.307632240352258668e-01
5.611145988893651015e-01
5.176152748229586598e-01
-1.724875050043167546e-02
9.200464495320695990e-01
6.333082849070379439e-01
-5.352213554365274628e-02
-6.390448146245817362e-01
-2.905442272791796121e+00
1.885982396462013988e-01
-2.343078398667921558e-01
1.700541341240115800e+00
5.377421942048958847e-01
-1.033578735647022295e+00
-3.310326902440003050e+00
1.607961972316911958e-01
-4.425260652888550750e-01
-1.485277198103594598e+00
-9.808665213691472040e-01
1.093120910530119144e-01
1.780475343303616897e-01
1.804911940168548279e+00
-1.753189899211611724e+00
1.369048903204558965e+00
2.408259196696359017e-01
-1.520824234476688464e+00
1.334459737710987470e+00
1.259734242898577827e+00
1.568845362053690629e+00
2.328800026522330480e-02
-9.418484047043863550e-01
-1.231532053713257024e+00
1.728516302868610688e-01
-1.594202904769053353e+00
-1.248579235735726378e+00
1.057299686142590955e+00
-4.958527002469288458e-01
-3.264105895175911098e-01
-1.463930117973253064e-01
1.261149182378445976e+00
-8.873300898917156898e-01
3.499074885368340104e-01
-5.279042899598435090e-01
-7.390463850280617475e-01
5.315446756535041617e-01
9.578033316788144846e-01
-7.255602434251379185e-02
-1.340096091897504949e-01
7.562761077673300081e-01
-9.927877431595836244e-01
9.244335659362856727e-02
-2.609706209181920755e+00
-5.639724052009925659e-01
5.399634152828833855e-01
-8.191696703863429740e-02
-7.606720055721251095e-01
1.345432566579300548e+00
4.264181865246309822e-01
-7.803547025299902018e-02
-2.666149323515211722e-01
9.321829212693140132e-01
-1.184351491181798499e+00
1.628622524498585022e+00
1.233028446423097280e-01
-2.671613907087537765e-01
-7.823187146045280649e-01
1.689016666719227233e+00
-7.610322401662034109e-01
7.604894716628125551e-01
7.008362919278410264e-01
1.219715563265714842e+00
4.023547933509591168e+00
5.883183487728211869e-01
6.465670528477270862e-01
-7.907359230024331442e-02
-1.542333062720163683e+00
1.701237797222320713e+00
-2.611628943288689664e-01
-2.531866755341810604e-01
2.021569421478372153e+00
1.186755503724610472e+00
6.978069937884287532e-02
1.081581387936606298e+00
-6.263414413635977063e-01
-2.605342834792724105e+00
1.733980293356753188e+00
-7.560034710601430952e-01
2.024611625337090270e+00
-7.267553609053352126e+00
-1.411451529765369806e+00
6.327071002826119006e-01
-2.005363713741130649e+00
-7.204476688098353510e-01
1.151599480500506756e+00
8.161644534903709225e-01
-4.124640323628271932e-01
1.312110571961395411e-01
2.566027233219134174e-02
-7.918306164398840608e-01
-1.717725929326188616e+00
1.912740483816663950e-01
1.500338309787031976e+00
-2.416792301198413817e-01
-1.108473700266508211e-01
1.262536061555361577e+00
1.059984752628828186e+00
1.051406116314808209e-01
-2.418219871279257749e+00
1.169410138775176744e+00
-9.627493550077209639e-02
-1.276573069965952989e+00
-3.553777889705399540e-01
-4.901493524428885529e+00
-4.706208273287102450e-01
4.559787881475828586e-01
-2.001669109478042330e+00
-3.457443597064562280e-01
-1.098248248717427877e+00
3.591624219600033086e-01
-2.880865517291204547e-01
7.551047284838849905e-01
1.342543473277660881e-01
-4.617018328971060348e-01
2.201461215712893882e+00
1.048113286957767620e+00
7.460493847880195206e-01
5.778257246798734759e-01
1.791105302259250243e+00
1.389382351562450824e+00
2.132772316773491550e+00
1.312462611405283308e+00
-6.608461835214791691e-01
-1.268087621812053145e+00
2.112669036456067406e+00
-1.618987027973952664e-01
-9.546092295293256980e-01
3.426165579830744434e-01
8.665643420612293424e-01
3.780679727333585705e-01
-1.574990037488385175e-01
-1.624084241088204594e+00
-4.340894805908225296e-01
-1.172738346854078406e+00
-1.147934959069160099e+00
6.171417088521858219e+00
2.331485119043265275e+00
-2.030571206938186712e+00
-4.374639240896879500e+00
1.438080130029933512e+00
5.270618304229742757e-01
-1.259665650635634071e+00
-1.743805975996456814e+00
6.229184118410503457e-01
5.034167873435011487e-01
7.392314176127913194e-01
-1.680321044306904432e-01
4.418388712270930330e-01
-5.885866763516867106e-01
1.750084614203777367e+00
-2.274070136546325838e+00
2.754375312791271568e+00
3.048111640871341343e+00
-8.332287448707637045e-01
1.920046153975278003e+00
-2.614378757984591406e+00
3.276179739244525546e+00
7.902525012906779223e-01
-1.320190695508563161e+00
1.000405183210687360e-01
-7.220893133857514412e-01
-6.611627469953293978e-01
-1.050074702026551954e+00
-5.934006794596745626e-01
6.791724438293620381e-01
-1.330198986528650540e+00
-1.186891635356215779e+00
-1.060365939103333544e+00
1.437905783699879425e+00
-2.787885425642989912e+00
3.828822013602061425e+00
2.426255866742423439e+00
3.054608239116295490e-02
