1.296142471189416723e+00
-7.955814693670256732e-01
3.060961967581335985e-01
2.604939053535304527e-02
3.404704688720562311e-01
6.097882691019274048e-01
-7.057336344571429887e-01
-1.885200787246608334e+00
1.288870418614879831e+00
8.906954747143724926e-02
-8.468593877593060260e-01
1.039305909973881725e+00
-3.138999140531210763e+00
9.543274228688962690e-01
9.163660628961880494e-01
4.195085718008780273e-01
1.106783086210146871e+00
-5.622481216164311180e-01
4.593576291587530669e+00
-1.337037870389290173e-01
7.089231158415167933e-01
5.633496422659289848e-01
6.119471260499764753e-01
-8.483019524032354985e-02
-7.037388722188077095e-01
-1.400294259710045619e+00
-9.229318870926912499e-01
-3.645608373063268792e-01
2.669278005899172190e-01
3.259495334012259549e-01
-5.108399058169381668e-01
-3.951445575104559182e+00
2.159002188094817143e+00
2.918126032076160836e+00
-2.224690767977107075e+00
-5.963382870091522570e-01
-3.000158910211069008e-02
1.320220563112894485e+00
4.063033511152592148e+00
-2.778864939764632780e+00
-5.789477318144442552e-01
-6.916019421259569366e-01
3.014498106160235502e-01
-5.244222363434807299e-01
-9.871220252574152143e-01
-3.868687258924000116e-02
-7.552075316631025048e-01
-9.130436442049428836e-01
5.594541915357998940e-01
-1.364217629216759375e+00
1.624317436283982674e-02
3.429560809207761463e-02
-3.838675162718213629e-03
-3.749561192589863534e+00
3.409288452030110328e+00
-2.576846346277487099e-01
6.956256443463829653e-01
3.782206630271521264e-01
1.464808382929340125e+00
-3.381081894448229708e+00
1.455256773329260067e+00
-3.458853435916109387e-01
3.963801849584164261e-01
2.925762472452383967e-01
-2.184755217155876394e+00
-1.259419262160156316e+00
2.581096207436282541e-01
-4.362501491628247408e+00
6.980940035150442480e-01
1.469537041553187429e+00
-8.357392663027135571e-02
1.412857740327939648e+00
-8.746055299314186016e-01
-2.133726313014801867e+00
-5.179814002433449915e-02
-5.993229085469612416e-01
1.227781319356572309e-01
-2.072889380196615838e-01
-2.432231983612012649e-01
3.615578414079834713e-01
-6.301458462386909654e-01
-9.241908715272317831e-01
-9.847711398366367774e-01
-4.771394777212515509e-02
1.709169063733174121e-01
-2.006718467936282835e+00
4.191226634228913950e-01
-5.387413461163378381e-01
-2.570645682907785279e+00
7.795585550030726951e-01
8.367520059953128531e-01
6.418407812826745773e-02
4.721955069885713785e-01
-3.345720622045282866e-01
2.463090965770239893e-01
-1.900783741103486024e+00
-6.070315040410821927e-01
5.595775433150272926e-01
5.882277079896950367e-01
-4.999053250816773430e-01
2.092833162221333865e+00
-5.981139131556545419e-01
-1.051672096909503473e+00
4.817842068565260094e-01
2.373445691863970364e+00
6.032767544678663274e-01
-3.365076102073224273e+00
-5.762626828732554385e-01
-1.902859310941929838e+00
6.143364590134098302e-01
-1.471046235994120321e+00
2.257927017719710550e-01
-5.857328516240597471e-01
1.047293928925717932e+00
1.349429741419271966e+00
8.571050209752708593e-01
8.255181456242368654e-01
-4.727994524141572730e-01
-3.420501185306910052e+00
-2.823819633523951822e+00
6.546495502282378975e-02
4.335817536037712472e+00
-1.734988110298359976e-01
1.554741352432094104e+00
-2.017327698782312773e+00
5.699171036164769610e-01
4.941909669744691813e-01
1.105682397068985745e+00
5.930714665320867551e-01
-3.589541649857808658e-01
8.879534431425122332e-01
-9.601993304550751618e-02
3.089137086518348174e-01
-5.068969103499811890e-01
1.044928969327669765e+00
-3.826211059536114290e-01
1.021805983245376082e+00
-6.800071080925755851e-01
-3.375886681889319618e-01
-1.086732711160007137e+00
1.041798127636022475e-01
3.415094276946245566e-01
5.332990989968955375e-01
-6.603509606903478213e-01
-1.016392021632612108e+00
-1.334425908129301286e+00
-1.802111811062816926e+00
-3.287672898259721421e-01
-9.676668039320091008e-01
-1.656465908881037175e+00
-1.383498492507813538e+00
-9.544776669103677280e-02
1.039684723943702926e-01
-1.418744712154164089e-01
-5.787370641502926905e-01
-1.041053301729532699e+00
9.634685577212436236e-01
-5.353524700221694577e-01
-2.124092704395478926e+00
-5.920228934871313298e-02
-4.754450318721833990e-01
8.733857408838795466e-01
-2.821678993951012848e-01
-1.893212686478522588e+00
4.212640929451904048e-01
1.987302624789523686e-01
-7.058402312460527739e-01
-2.126417465201837942e+00
-1.328007016081750036e-01
9.017364704231675132e-01
-5.989245724374256952e-01
-7.270439185291409645e-01
-4.684402138942699856e-01
2.200122266643660951e-01
6.413703339577256357e-02
3.720121942775310164e-01
-8.064171953088745681e-01
8.266771729727925289e-01
-4.998037904129736808e-01
-5.452862878609480157e-01
1.562255255110933660e-01
-8.137234290222414845e-01
7.839111453995856182e-01
-1.006609489336530272e+00
1.371790704710964315e+00
-1.955968841985419537e+00
-3.095837689673340276e-01
-1.372057627340167230e+00
8.867449176343688011e-01
-9.359240630092573454e-01
-1.795700258777276903e-01
2.532853593679378346e-01
1.715932180052670564e-03
-4.638426695832822966e-01
1.514507107647301343e+00
6.923411532863827933e-01
5.659814946321120588e-02
2.414155441884144604e-01
-2.733580736127115607e+00
-4.491314647116659842e-01
1.335166055957577314e+00
2.805881160628214133e+00
-1.363232748500180724e+00
-9.976833482552023291e-01
-7.099437838929465450e-01
1.181983757397615964e+00
-3.782802731419351305e-01
6.324750377733032725e-01
-1.567238579269350840e+00
-2.679098337793223150e-01
-1.307830257898299764e-01
-3.030515194762268827e-01
1.381597032971520811e+00
6.521978239815668932e-01
-2.055670284472024711e+00
-5.093738812158220552e-01
4.836321974609132934e-01
-4.435807475143755951e-01
-5.257185491322784454e-01
4.797052637410544329e-01
-8.069997788445379960e-01
1.889122124038121742e+00
4.470193394100225315e-01
-7.922296096586420866e-01
2.105548776718233039e+00
1.719967108554308677e+00
1.250973912070101113e+00
-1.794056707020996455e-01
-1.308861148200777258e-01
2.126774150501896665e-01
5.328123412481575727e-01
-1.327180219790191185e+00
-1.295467604111439353e-01
1.244688800257122363e+00
-4.101285755670388555e-01
-4.600711736027970344e-01
1.067405980324322101e+00
2.200871764995913082e+00
1.247505363115160026e+00
-3.161223368486025809e-01
6.944496655135792285e-01
4.030248860772199793e-01
-1.128192425451560510e+00
-1.220467033379385891e+00
-6.787509200054939740e-01
1.639561238578559177e+00
3.257960107197986899e-01
-1.493134116287541779e+00
6.382590612884945225e-01
-5.500557036899200725e-01
-2.578818911862361674e-01
7.808098718591560683e-02
1.546248171761060330e+00
7.518793047940087737e-01
-3.718558365401616328e-01
2.109724088161589073e+00
4.952460067293452894e+00
-7.564462889869287832e-01
1.131371431327886423e+00
2.635972482970718733e-01
1.806504930968979794e+00
-8.665606926113803565e-01
-2.028621665126518092e+00
-3.768306149836422314e-01
-4.931456944212556093e-02
