1.268564634070580288e+00
-7.481186823871954772e-01
2.136100396318100780e-01
-5.279614145941526893e-01
1.099290987318682911e+00
-7.402808476928099957e-01
-1.191296354483361020e+00
-9.844822184683742483e-01
-7.264257212073277348e-02
2.873460346270147792e+00
-1.059395161282120634e+00
-1.668121776873678463e+00
1.553847163976073587e+00
-3.383663595258024070e-01
5.840186278499848171e-01
9.166055616059010092e-01
-6.848570225089999353e-01
-6.333120765723151413e-01
3.056456226230668816e-01
-9.936152419210557696e-01
6.987585901470415584e-01
8.857942755509827792e-01
2.455855327588893022e+00
4.033969553576189915e-01
1.492028419195595146e-01
1.658299626233979751e+00
-1.607596107886273273e+00
1.413731490057076767e+00
-1.455878484779621340e-02
5.954909365175249381e-01
1.182619343100707487e+00
-1.092415034791869743e+00
1.437567892749023191e+00
9.850006023440315284e-01
1.051979333253359128e+00
-3.738944734888303145e-01
1.648356031773230645e+00
5.039676953541749604e-01
-1.891588141656084243e+00
-2.859907105301219832e-01
2.216567245019648524e+00
-3.471644232360491689e+00
2.669545830733505820e+00
4.108803945096224930e-01
-6.782624028873095456e-01
5.292130373939506471e-01
-8.127727700326581317e-01
2.008343778777490041e+00
-6.719589428892960292e-01
-5.271361392057694051e-04
-1.288691382137508779e+00
1.097465692043649188e+00
1.142636295844860594e+00
-4.784987461543574128e+00
1.016643825338014340e+00
-1.002707381112573071e+00
4.318899451063161976e+00
1.322672183908116139e+00
-2.894088791008774808e-01
-1.010471698411910868e+00
1.478909615569700353e+00
-8.169669984297149856e-01
-2.308878670245413822e+00
5.923165023504219917e-01
-3.728105564135040795e-01
9.897611616975974247e-01
-3.744313943746621631e-01
1.041147131919496260e+00
-8.917537030340998427e-01
-6.396734833561373845e-01
-8.573819107212005131e-01
9.360556566743105655e-02
-8.933650974624823826e-01
-2.996538145118837981e+00
-3.357994005766033574e+00
-5.102187096874182676e-02
-9.792655353044072974e-01
6.224769174448819831e-01
-6.701800461250431162e-01
2.786811239811639140e+00
-4.982484348714315558e-01
-2.196998552229345592e+00
-8.491359828344575700e-01
5.283928700531485001e-01
-1.831284204053927445e+00
7.950168800169443717e-01
-1.953031322791218272e-01
-2.044309905869965138e-01
2.691410428839527746e+00
-8.258830743932357166e-01
-3.524609135266510984e-01
-1.671407774932252011e+00
7.104690507247253262e-01
1.110716038822247453e+00
-1.449385316305434213e+00
-8.128335845532339565e-01
1.046286036014612675e+00
4.311172827444476746e-02
-9.112718603767286929e-01
-8.775062605996346576e-01
3.412187030742416249e-01
-2.206498617375948768e-01
-7.186888323429773129e-01
1.820982150820981138e-01
6.934895422989829639e-01
-1.782406737728348567e+00
2.037335058680824762e+00
-2.779041433129429417e-01
1.097867244326438563e+00
-2.431402295706944494e-01
-7.591950374611964314e-01
-8.511362375477307673e-02
2.794231025667059387e-01
3.927446279370671034e-01
1.581080604869612882e+00
-9.732547311109720489e-01
-3.011934624919044623e+00
2.784604570893991493e-01
-1.051706309616274204e+00
-8.181487388643857162e-02
9.920400393586550347e-01
9.049550426857797536e-01
-1.171352859473448804e+00
1.823792532138883038e+00
6.104944385762651748e-01
1.326478467910723769e+00
-8.736865330880277947e-03
-2.562247629876730493e+00
-8.205476501998125727e-01
1.631199279669468982e+00
-5.366297842388569883e-01
-5.086550053967092699e-01
-9.030957261180082574e-01
4.250010713816851915e-01
2.644224568881016757e-01
-2.179917974530961366e+00
-2.319012791396344864e-01
-1.193547455855678230e+00
3.886363818938806669e-01
-6.895783723875535953e-01
-7.898898543921084592e-01
-1.073004733791771637e+00
1.893464236911613641e-01
1.625924260613756722e+00
-7.412097272707741658e-01
3.294651638550989414e-01
1.652252619263946620e+00
1.334516032565321364e+00
-1.808929233539516845e-01
-9.046442614678215088e-01
2.663766355806672426e+00
3.448800627727860224e+00
1.878570332477345950e+00
6.853075172166636087e-01
5.667481554746672812e-02
8.971938850065365179e-01
-6.326897446787730361e-01
1.411773594365942408e+00
6.089506268870160666e-01
2.124770318379459177e-01
-2.356383674247419235e-01
4.183581510862546260e-01
-8.320866458516724684e-01
-1.274823662977317973e+00
3.409183975154612689e-01
-2.134107195764840537e-01
1.947008383830502787e+00
-1.226713869302082927e+00
-4.667908877806600798e-02
1.505470653520401436e+00
4.233020740364319967e-01
5.500107290342453048e-01
-2.252769470323531031e+00
2.604778186043010813e-01
-4.406980145302528129e+00
-4.698992181494608955e-01
1.242012887488482820e+00
7.073894386488394082e-02
-5.223254065045613848e-01
-2.176648664312973214e+00
1.793294001581408892e-01
2.242237061322318148e+00
-1.257458414612871334e+00
9.818438166502770903e-01
1.477079302552958495e+00
4.933878484660875197e-01
-3.338519852731463566e-01
-2.506313400967498328e+00
-8.174156293451969590e-01
-1.495243013327468340e+00
-9.492277189441999941e-02
5.734357909588981839e-01
2.775746984660499295e-01
2.586146273232762249e-01
1.328360356756769223e+00
-6.500565479352131693e-01
-9.191545596306428811e-02
1.808727572065957911e-01
-7.825040258189470688e-01
-1.250806046742838129e+00
1.891179147416588435e-01
1.516434030857938042e+00
-2.182388979789241734e+00
1.394718277241430826e+00
-2.343399208198066463e-01
-8.740390314761897761e-02
-4.588336463673900467e-01
7.497631601684771052e-01
-3.656253998993702625e-02
-8.813104373986548890e-01
3.527783892238474106e-01
-6.669978480994056547e-01
-1.630402639546988386e+00
1.089765013853517761e+00
-9.922728059316932026e-01
-1.085011634840266304e+00
2.025029942665560689e+00
-6.432935864397630876e-01
1.929456403014185639e+00
5.754816601331935733e-02
1.154307650335107960e-01
1.059652827797890939e+00
2.472166417115994719e+00
-7.335781862457978475e-01
1.991113678625016536e+00
7.488333803797909694e-01
-4.278607350193205372e-01
-4.953516124940056664e-01
3.266248198350812371e-01
-2.935905535847204151e-01
-1.134239879479645108e+00
2.291247732815132609e-01
2.801758652619857903e-01
2.763164042860629444e+00
-1.127325316403098965e+00
1.074704617870622103e+00
1.314919975463678670e-01
1.750613975084968632e-01
6.783862323395097871e-01
-4.368585501992312548e-01
1.933961881311402120e+00
2.718929583903488822e+00
-1.255175107656623323e+00
-2.305125013638862908e-01
7.746054761550920098e-01
-7.350119314074807786e-01
-7.406299354613591346e-01
9.110733603421212745e-01
8.610759893323324254e-01
7.180503280813493872e-01
2.975345715786350542e-01
5.135038616778093701e-01
1.616374939979963399e+00
4.773832245900220816e-01
5.497039832415692162e-01
-1.979223989883208135e-01
-3.904862591406856875e-01
3.478893209544907106e-01
-1.262581094689706696e+00
2.731423177210646092e+00
-6.327741873686129059e-01
7.880627287793071645e-01
-3.904689767901855291e+00
-1.205784360917858122e-02
-2.094633518197311695e+00
