-7.350597366957785095e-01
7.862116729336661447e-02
-4.119673117980768851e+00
-2.115976124568805350e+00
5.928059662070223057e-01
5.733580976799393936e-01
-6.489085978463025040e-01
-1.701546881488842589e+00
7.658001445830138476e-02
1.128191038154917392e+00
-2.376817899542667423e+00
1.162278282402966934e+00
-2.865443296861819533e+00
-3.090052635642982493e-01
-2.504768478728641501e+00
5.759353276033473135e-01
-2.404022150139449643e+00
-1.212121983275221693e+00
1.574007017622601312e+00
7.234664378428758147e-02
1.603594247421263663e+00
1.468810658622333731e+00
-2.541308643546150048e+00
2.307450272042704142e+00
-1.267717245934981918e+00
1.349320030423277472e-01
-7.695007620966353157e-01
-1.295160732619422550e+00
-9.849615355577179265e-01
-4.386739368007762097e-01
1.770416318312876935e+00
-2.206379365924644731e-01
4.030059806913688369e-01
1.278600766225348240e+00
-1.159206310237127058e+00
-1.028636612168070258e-01
-1.872923931646871543e+00
1.352863990315095188e+00
9.902485933151163877e-01
8.628630119959989075e-01
6.015920256911759800e-01
1.239257786332413680e+00
1.103019433880852551e+00
-2.445035797023544788e+00
1.888860624185609849e-01
-1.846345766257505128e+00
4.003117346215410599e+00
3.695944771342778434e-01
1.562146357756937443e+00
-4.712330202298832815e-01
9.739079943255934957e-01
-2.433564499425649785e+00
5.492343817131177808e-01
-9.325617601835588522e-01
7.642314421977229877e-01
-8.748343492792826082e-01
1.439027568946762148e-01
3.012215551145253301e+00
7.154133891799773215e-01
-6.448623118744181149e-01
-1.432765925197775569e+00
1.685842644986884353e-01
4.783119310489297726e-01
-7.477466819107901896e-01
-9.113914629453923055e-01
-6.391126517283358954e-02
8.676153542582204503e-01
-2.988359127910049207e+00
-1.445294801745235225e-01
-1.402831656966973650e+00
-1.288651647497193853e+00
-1.725935109375949184e+00
-2.182552649227866293e-01
1.060095910732834268e+00
-2.222741587541658959e+00
-2.539320971407312000e-02
-1.716475097239090752e-01
1.634998206383018626e+00
1.812590233468248879e+00
9.915426341019525358e-01
-1.307812515931907615e+00
1.195091877312155271e+00
1.858882793744091488e+00
1.044775350758492483e+00
-5.710867151265057728e-01
3.896487374402279324e-01
-1.206950163380744734e-01
-4.279776487798960249e-01
9.352188502156542071e-01
-1.408671743487615868e-01
2.069265072748989187e+00
-1.601340795980883192e+00
2.859647336350302993e+00
1.794103119252357659e-01
3.263927859139560406e-01
-1.929712587222565334e+00
-2.223705028119509208e+00
-1.157914003854184859e+00
1.488482946829853271e+00
9.165068138454053326e-01
1.806584676460959882e+00
-4.871829561569999134e-01
-1.078543705342946551e-01
-1.479080416151352106e-01
7.554840803469897725e-01
8.782206461165037448e-01
-2.242533683371874975e+00
2.773186433220890645e+00
-3.959947410058515249e-01
-1.338211575230550954e-01
-1.720609221178879267e+00
1.117813358968065662e+00
9.743111910612061166e-01
-8.968970926645869479e-01
1.100864272163460722e+00
-1.155628763697957195e+00
-1.655217269723368023e+00
-2.188033308948926337e+00
-7.876585012464786262e-01
9.181912993885394947e-01
-1.252974303289148716e+00
9.929925178773476580e-01
1.097631077082904971e+00
-1.823273618912749638e-01
4.569524570092490801e-01
-9.123221715352444194e-01
-1.827979064072915216e+00
6.007645325652601065e-02
1.391886312525955738e+00
5.966249438299934260e-01
2.487781733335441281e-01
-1.425064413833032839e+00
-4.825235501350447764e-01
7.000090820594345731e-01
2.413205452485709390e+00
1.249906590998890454e+00
-4.877876568256580003e-01
4.014972033165450371e-01
-2.549674410751584741e+00
-9.050239406594301483e-02
1.369862858697198815e+00
-3.630929920862762117e-01
-2.950378802175665505e-01
-1.911640933158537115e-01
-1.092191793796346566e+00
-8.157628897320928774e-01
1.256256289770560475e+00
-5.980700365878757196e-01
-2.870665973324733056e-01
2.502714013902245682e+00
-1.356660725375428145e+00
4.242967682648217664e-01
1.679138593464413187e+00
1.278759380811813395e+00
1.669869687577772766e+00
-9.941300178623009298e-01
1.313530508932981289e-01
-1.553272562195894713e+00
3.343518668603185362e-01
-3.083191725948332754e-02
1.132446213627154252e+00
3.571062512592660387e-01
1.450982548597540944e+00
3.650042178371935897e+00
-8.045462703735996035e-01
-8.709343713474593240e-03
-8.200896189931878855e-01
-1.525960673787539745e+00
1.119827452651172561e-01
-3.164673221856689533e+00
2.567958460405613597e+00
-3.102071019036319321e-01
3.118613961923615729e+00
9.483328726422051158e-01
-1.645164780189646958e+00
2.247492379003939167e+00
1.171871060822983202e+00
7.391148110991098141e-01
-1.976070157260722271e-01
-1.581717563049393205e-01
5.567094176237812331e-01
8.813866233804923400e-01
-3.341179071802450551e+00
1.493551247246139635e+00
8.939037277533633530e-01
1.780664706246716689e+00
9.120531913517667677e-01
9.793699197946839075e-01
-3.381852420918262658e-01
1.547339260747585765e+00
-8.089484088364587988e-01
2.209295324892714130e-02
1.596203122509442629e+00
-5.898129987190459111e-01
-3.645660834285425755e-01
-2.781349100645641448e-01
-6.115641606106619887e-01
2.305841827090228335e+00
-8.728736934446291729e-01
1.128992385484151040e-01
9.751662408155361561e-01
1.532121519172470414e+00
-1.741734330633910588e+00
1.655020100504549951e+00
1.287428633605009587e+00
-1.265781052925980532e+00
5.906317719219678075e-01
1.690416333486874645e-01
-8.366550182442618055e-01
8.382355276459411142e-01
2.750042426556622566e-01
8.991240865197301924e-01
9.610321522240246050e-01
1.962888375321228118e-01
-4.473051372858204422e-01
-2.911950976184275452e-01
9.706470640842489450e-01
-6.853880279142177123e-01
7.300868631827873712e-01
-5.029732892055586158e-01
2.036167470906331545e+00
-9.676629693724205783e-01
3.752526501549548588e+00
1.653830041353331337e+00
6.355830117131952006e-01
-1.293812156508569622e+00
-7.788719420406389204e-01
-5.545623517684113990e-01
-8.601037025796369750e-01
-2.661318352756731453e+00
-1.724303488188113631e+00
2.928822941463016805e-01
6.721314166796872325e-01
8.499502953422017892e-01
1.335698652044854662e-01
-4.178141212040379915e-01
-1.031988236111180957e+00
1.958960575736547471e-01
-1.459470062652131750e+00
-3.923253519133127476e-01
2.665295842699134443e+00
2.684559795568024487e+00
-1.273097027714686913e+00
-2.452788324504127537e+00
-7.241946345517509265e-01
1.834654490664265336e-01
-3.985924279560300321e-02
-1.778939197880873513e+00
1.562623998247839874e-01
3.542337212817011638e-01
-1.073998360699841781e+00
-2.503968049983465338e+00
1.118227608989696087e+00
7.778115959552085457e-01
-4.573394398457698573e-01
-1.056667531386069392e+00
8.711141957947738934e-01
-5.251558986297536480e-01
-1.927445479154437757e+00
-1.384562034129488861e+00
3.623464411250483241e-01
5.949120316317196844e-01
-8.546655078667230176e-01
2.091337741977339792e+00
-4.176934796611049827e-01
