Best Solution: [ 1.45983401 -1.26956864  0.38417193  1.87396766 -1.16230651  0.47172387
 -2.73740832 -0.16291985  2.63762706  0.33942172 -0.31270163 -1.51038453
 -0.30770167  0.35349424 -1.34126892  0.55256113  0.30890639  0.33892425
 -0.43447751  0.44741074 -1.7148072   0.82337108  0.55094562 -0.27577432
 -0.75910978  1.02051706 -1.83633968  2.57927481 -0.21702672  1.58828051
  0.47738162 -2.59641762 -0.89180425 -0.02858463  0.33988151  1.83770797
  0.43357719  1.93027214 -1.2255898  -0.36088106  0.44914272  1.5521261
 -2.09692278 -1.25453243  1.9524374  -2.01265817  0.03415567 -0.15436726
  0.08462984 -0.90144617  1.18959112  0.39633625  1.41104764  0.18053425
 -1.1965759   0.67100712  1.96179807  2.16000336  0.85996586 -0.76791448
  0.60249642 -2.02359098  1.15301234  0.81971482  1.48179978 -1.21191647
  0.91348348  0.27226473  1.75135558  0.56968491  1.24829645  0.6182485
  0.87208384 -1.26621051 -2.87877594  1.35006134  0.27694253 -1.78955103
 -1.83574424  0.84028842 -0.52792728 -1.19285282 -0.36216312 -0.60523537
  0.38611072  1.84693913  0.95390603 -1.92889238 -0.59645629  1.09070146
  1.11419351 -0.54121146 -3.73262376  0.44228034  1.23901796  1.10505869
 -1.15905687 -0.61796222  1.23990741  0.38942452 -0.69140782 -2.01382127
  0.16407331  0.07441422  1.27102541 -0.31673725 -1.84741117 -1.01079275
 -1.21702524 -2.72205046 -2.44136603 -0.51580982  0.66124641  0.39742442
  1.15857694  0.88981368  0.38430417  1.89226487 -0.32934564  1.18985645
 -0.37814752  1.45964658 -1.27921724  1.0469328   1.08784351  0.86990646
 -0.4624657  -0.11295065 -0.08710132 -0.68117757 -1.48306969  0.45186254
  0.15335119 -1.22498914  1.2432892   0.07861901  0.82148978  1.70730892
 -0.87572336  1.67475073  0.50803646  2.06938246  0.34942483  1.34905773
  1.47048161  2.60695764  0.22746461 -0.3384011  -0.07151396  1.93734477
  0.73685215  1.03624725  1.32198251 -2.19185228 -1.64473578 -0.09476449
 -1.26200682  2.12367395 -1.51650504 -2.3979075   0.23206926 -0.42734472
  1.07025943 -0.94321585 -1.47206923 -3.26941469  1.55156063  1.4368313
  0.36729752 -1.30177926 -0.46506937  0.10160672  1.15765747  0.63009262
  0.76744976  1.79882747  0.61040398  1.03695132 -1.5264421  -0.62917051
 -1.14516882 -1.30938442  1.21604581  0.99699248  0.58576944  2.0739647
 -0.18935878  0.03719055 -0.39876582 -0.94496478 -0.12244398  1.39651749
 -1.37807055  0.35704332 -1.06073017  0.14052007  0.78901615 -2.61582517
  0.273627   -0.88651507  2.3891504   0.84476475  1.43859893 -0.61640654
  0.8641997  -3.33312486  1.62212225  3.30326064 -0.73097185 -2.94149341
 -0.83941886  1.75446952  2.18030617  0.04912376  1.07125978 -1.62681883
 -0.28332626 -1.45664462  2.13398182  2.14607886  0.32115173 -0.00737063
 -0.38959519  2.25718434  1.03453898 -0.07944096  0.46537693  1.51388805
  1.76267081  0.11249078 -0.98379551 -1.48741009 -0.55546124 -0.9072007
  1.12571104 -1.20787775  1.22065682 -0.11424934  0.22837327  0.1114817
 -1.30790695 -0.03351453 -3.51864185 -0.58540616 -1.1206331   0.26579003
  0.18380807  0.51582556 -1.47607582 -0.24298528 -4.38877101  1.4460955
  2.16612882  1.6852151  -1.51081352 -0.37464659 -0.60445018 -2.26270544
  0.03176141 -1.38208813  0.19531398  2.51905414 -1.44234097  0.5778123
  1.43046208]
Best Fitness: 91.013025
