Best Solution: [-2.18541934e-01  3.12776278e-01 -2.67616252e-01 -3.34524270e-01
 -1.47536771e-01 -1.30467034e-01 -1.97061812e-01 -1.16091939e-01
 -5.52363127e-01 -6.14276849e-01 -1.02498945e-01  5.63315871e-01
 -2.15636270e-01  1.09922652e-01  4.93427846e-02  6.64855909e-01
 -2.71992728e-01  4.04844238e-01 -1.03880860e-01  8.40747513e-01
  5.99319293e-01  2.69279547e-01 -2.73814003e-01 -4.24113287e-02
  2.91950156e-01  2.18522892e-01  6.95208002e-01 -4.08220302e-01
 -1.66539189e-01 -1.05642022e-01  3.65468683e-01  1.63811211e-01
 -1.87100701e-01  3.02583129e-01  8.23117694e-02  2.26246588e-01
 -7.99222358e-01  1.41564686e-02  2.59285085e-02  6.83970547e-01
  2.69634794e-01  6.30247356e-01 -4.24890219e-02 -6.39897932e-01
  2.07009069e-01 -6.10072830e-01 -9.52657465e-02  1.07632801e+00
  4.66410693e-01 -2.86696840e-01  3.47562865e-01 -2.36034842e-01
 -4.01686146e-01  4.82990882e-01 -1.89634769e-01  1.71118222e-01
 -9.25648200e-01  4.67821054e-01  9.60125269e-02  4.85554286e-01
 -8.82612666e-02  4.09316945e-02 -9.75505613e-01 -1.40002657e+00
 -8.58461987e-02  5.12310399e-01 -3.20185892e-01  9.32588758e-02
  8.20112981e-01  4.25094390e-01 -4.28675194e-01  1.10004036e+00
  1.21225949e-01 -1.86833799e-01  3.09313848e-01  2.38505222e-02
 -4.07329127e+00 -1.09630034e-02 -1.44982952e-01  6.11073526e-01
  6.07781164e-02  9.23038697e-02  2.29368770e-02 -6.42776638e-01
 -2.78071837e-01 -1.59535392e-01  8.25353838e-01 -3.03436751e-02
  2.43943093e-01  1.09374003e-01  1.27198149e-01  1.15942089e-01
 -1.19951480e-02  1.66123913e-01 -4.43201186e-02  2.51504933e-01
  1.45983724e-01 -2.48440542e-01 -3.00471880e-01  5.66351050e-01
  3.59787260e-01  2.66727538e-01  5.81815041e-02 -1.51867942e-01
  3.99847019e-01  4.83494306e-01  6.30093930e-01  1.76357538e-01
  5.44380672e-01 -7.02768763e-01  8.69765506e-02 -3.24169508e-01
  5.68860609e-01  2.32582535e-01 -2.86091931e-01 -3.94519003e-01
  5.70844579e-02  6.95353377e-01 -1.43193905e-01  1.22135363e+00
  3.55400255e-01 -7.87402614e-02  2.37775937e-01  7.94679602e-02
 -1.00261194e-01 -3.11527380e-02  1.49924598e-01  4.56135090e-01
  1.61173047e+00  5.70948913e-01 -6.61006870e-01  2.87632326e-01
 -4.03708939e-01 -5.36992594e-02  1.34411637e+00 -1.04207885e+00
  7.61702799e-01 -1.08764159e-01 -2.62176989e-01  9.29878200e-02
  1.67357183e-01 -9.79874062e-01 -4.04984223e-01  5.54155774e-01
  1.85866747e-01  3.72054103e-01  6.52748464e-01  2.12779693e-01
 -1.26449091e-01 -1.85881377e-01  1.45781165e-01 -2.11753430e-01
  5.74235271e-01 -8.18098788e-01 -2.16157797e-01  1.14253692e-01
 -1.82406097e-01 -2.96349862e-01  1.27357346e-02 -9.12197957e-02
 -6.61749251e-02 -4.46643810e-02 -9.85508362e-01  3.66787372e-01
 -9.92316721e-01  1.01040347e+00  1.47542786e-01 -3.53340222e-02
 -1.39482618e-01 -1.10834125e-01 -4.00331768e-01  9.87349693e-02
  7.83931240e-02 -1.00347373e+00 -3.09044909e-01  1.04339126e-01
  4.20773750e-01 -3.29365720e-02 -1.56838063e-01 -2.55241204e-01
 -4.11710818e-01  5.52745657e-01  1.19062920e-01 -3.08512708e-01
 -1.44953852e-01 -3.01890275e-01 -3.03078427e-01 -4.52563152e-01
  1.16958440e-01  3.93534033e-02 -8.03367390e-01  2.20446805e-01
  3.15456600e-01 -1.48897476e-01  4.57009510e-02 -5.22687921e-02
  6.17677195e-01  2.00794105e-01 -2.08596670e-01 -7.52589052e-02
 -1.31378942e+00  3.29621371e-02 -3.09935671e-02 -4.03075068e-01
 -1.50952935e-01 -1.11260618e+00  8.74167517e-02  9.54779247e-01
  4.81718790e-01  6.40558434e-01 -5.12761773e-02 -3.09991529e-01
  2.76832070e-01  2.94682118e-01  3.16510631e-01  1.27354058e-02
  1.16135818e-01 -1.82104378e-01 -2.45461768e-01 -1.75515932e+00
  4.35063582e-02 -5.38775235e-02 -6.15130142e-01  1.15698065e-01
  8.12649475e-02  1.72434338e-02 -2.27869794e-01  3.13958308e-01
  2.49111933e-01  1.50668292e-01 -2.80663936e-01  7.40436855e-03
  2.97912847e-01 -4.28334208e-01  1.12181521e-02  2.36249995e-01
  4.55056726e-02 -5.65705769e-01  3.18463064e-01 -7.44568517e-02
 -9.05928920e-01 -2.94035681e-01  4.61887535e-01  8.12223026e-02
 -2.85586760e-01 -1.69257118e-01  2.28381595e-01  3.65543926e-01
  1.88631493e-01  8.41338706e-02 -4.51985608e-01 -2.95975243e-01
  1.66232692e+00  8.78277560e-01  1.52582554e-03 -2.33902762e-01
  6.28018634e-02  3.98385749e-01  2.46787125e+00  1.93982244e-01
 -2.96287878e-01 -6.27760598e-01 -1.66657639e-02  6.84094516e-01
 -1.12213238e-01]
Best Fitness: 93.810809
