Best Solution: [-3.06955560e-01 -2.50439814e-01  4.74255113e-01  2.46617455e-01
 -2.49532646e-01  1.82730579e-01  1.49348812e-01  6.19434665e-01
  1.44080436e-01  8.16051259e-01  4.45694488e-01  1.44011538e-01
 -3.87095075e-01  5.10311158e-01 -1.83310039e-01 -8.85961459e-01
  5.95071855e-01  6.50779086e-01 -6.90326633e-01  7.41885512e-03
 -2.21644075e-02  7.98024524e-01 -1.36254550e-02 -1.57895112e-01
  1.74989552e-01  5.88326115e-01 -3.52558032e-01  7.41739399e-01
  3.40714942e-01  6.94949461e-02 -1.80526952e-01  8.19667386e-02
  1.15560283e+00  1.61496974e-01  2.34278294e-01 -2.38533209e-01
 -1.91310723e-01  1.12875930e-01  4.20210601e-01 -2.74832827e-01
 -8.39806862e-01 -8.14419177e-01 -3.57534664e-01 -9.54576145e-02
  1.66229056e-01 -3.76655340e-02  4.39198742e-01  2.83103229e-01
  3.23556732e-01  1.05295456e+00  3.77750505e-01 -1.98773786e-02
  5.56970651e-01 -2.56682443e+00 -9.24200200e-01  3.94691989e-01
  4.27763681e-01 -1.26689025e-01 -8.11469505e-02 -2.62422882e-01
  2.90432413e-02  1.13790185e-01  3.18675854e-01 -1.74936695e+00
 -1.08286386e-02  1.24666751e+00  2.10028481e-01 -1.71683178e+00
  3.31901054e-02 -4.72440550e-01 -3.24827410e-02  2.04114929e-01
 -3.91974202e-01 -4.40785925e-01  6.18042721e-01 -1.08086471e-01
  6.43221323e-01 -6.70611886e-02  6.12793362e-01  2.10402271e-01
  4.57294625e-01  1.86241600e-01  3.61619746e-01 -2.86020483e-01
 -3.89121324e-01 -2.18681859e-01  7.07948992e-01  6.72113826e-01
 -2.31112338e-01  1.49815408e-01  2.49417794e-01 -2.01345705e-01
  3.26427120e-02 -1.73848377e-02 -1.98099670e+00 -2.54616729e-01
 -5.81181812e-03 -1.49486911e-01 -5.26081844e-01  1.59459667e-01
  5.26276790e-01 -5.46830583e-01 -2.20865083e-01 -1.09886493e-01
  1.17392891e-01  3.44359914e-01  1.30541377e-01 -1.45860472e-02
  5.85669190e-01  1.45993140e-01  5.49032018e-01 -2.45199388e-01
  2.71852735e-01  1.25288803e-01 -1.25925226e+00  1.71244903e-01
 -1.30140966e+00  2.65910697e-01  1.80232845e-01 -1.12183803e-01
  4.22887043e-01 -1.78277021e-01 -1.82892790e-02  4.59481641e-01
  1.29604011e-01  4.51931414e-01  8.28406944e-03 -1.25522220e-01
 -2.14263460e-01 -5.37061815e-02  1.66620289e-01 -3.94311091e-01
 -4.95053884e-02 -3.11007178e-01 -3.84122018e-01 -1.49856225e-01
 -3.06405124e-01  2.83044872e-01 -2.48829528e-04 -8.48383465e-01
 -6.87047516e-01 -6.73798844e-01  3.08300867e-01  1.88498782e-01
 -7.15751472e-02 -1.49396022e-01  3.10872793e-01 -1.12751288e-01
  1.44586838e+00 -2.40264678e-01 -1.34251961e-02 -4.32823226e-01
  3.20158103e-01  3.29977276e-01  2.78133383e-02  4.24128454e-01
  2.93173940e-01  2.78656033e-01 -1.36206695e+00  4.58842700e-02
  3.04798244e-01  4.09162260e-01 -1.93146821e-02  1.45176690e-01
 -1.65213725e+00  2.60370741e-01 -2.89942797e-01  1.14223056e-01
 -1.88808224e-01  6.98914168e-02 -6.00487694e-01  6.32484524e-01
 -9.07681638e-02  2.32696312e-01  1.62011769e+00 -6.87856799e-02
  5.55128952e-01 -1.94670309e-01  1.47652144e+00 -5.67104411e-02
  1.74063433e-01 -7.41088742e-02 -4.79632128e-02 -2.30015006e-01
  7.60911696e-01 -6.88084534e-01 -2.31702283e-01 -2.62609664e-01
  4.70879845e-01  2.57106218e-02 -1.45918378e-01 -5.40352516e-02
  2.72747166e-01 -1.84222720e-01  5.58291540e-01 -7.08049345e-02
 -5.26677711e-02  1.87093576e-01  5.26529893e-01 -3.31560488e-01
  6.84232678e-01  1.90928315e-01 -4.47678491e-01 -1.25604104e-01
  1.37102871e+00  6.07529656e-01 -7.28925181e-02 -1.12082886e-01
 -1.02898728e+00  3.44317408e-01 -2.93108172e-01 -3.50578079e-01
  5.67551403e-01  3.29264417e-02 -7.96065176e-02  2.19211235e-01
  3.70932199e-01  5.77384023e-02  2.97123859e-01  3.59402553e-02
 -4.77250119e-01 -1.67228669e-01 -3.49603389e-01  3.77061464e-01
  4.75224514e-01 -2.20105872e-01 -5.65959832e-01 -2.46289449e-01
  3.42805114e-01 -6.84494820e-01  1.24221293e-01  4.15054631e-02
  5.65288107e-01 -9.24909874e-02  8.58978118e-01  2.84584976e-01
 -4.55385283e-02 -1.41634083e-01 -2.30510213e-02  9.67561219e-01
 -5.86939903e-02 -9.32558604e-02  3.68332296e+00  3.43518703e-01
  6.65090772e-01 -4.10234177e-01 -3.09379207e-01  1.60892190e-01
  3.06590469e-01 -1.39664571e-01  3.94842924e-03 -3.36622657e-01
 -7.06338442e-01  7.31327830e-02 -2.18545672e-01 -6.79957593e-01
 -1.61819395e-01  2.20279568e-02  6.19601941e-01  7.37250383e-02
 -3.98262252e-01 -1.57320450e-01  1.18865331e-01  4.28940267e-01
 -2.74010187e-01]
Best Fitness: 91.591187
