1.421981139487491275e+00
-3.210659883161045336e+00
-1.641210383507115678e+00
-1.066783082899118940e+00
8.296739558043090268e-01
3.536400304706066589e+00
8.285642935983792423e-01
-5.931836908496840310e-01
-6.010023716799169913e-01
2.660971969441626950e+00
5.719137522264225448e-02
1.470787949827758734e+00
-1.113261297185522691e+00
3.139226180763944329e-01
-1.178951101175855998e+00
-9.177307843031958789e-01
3.494027413391457837e-01
2.658024714871108696e+00
5.497800191266644099e+00
-1.432494770366346648e+00
8.852348854727531968e-01
-7.440360994095758240e-01
7.193127039249342936e-01
-8.016487194803553207e-01
1.704057996005279740e+00
-5.506629018582931412e-01
4.709427478879048223e+00
-3.939700526425985228e+00
-1.007902155914608189e+00
3.928077662403654524e-01
-5.468796004191417204e+00
-1.900824321470681255e+00
-5.425739742457811321e-01
1.038027139618509009e+00
-2.139479058535362022e+00
-1.093734651496553190e-01
-2.369883074604222539e+00
2.819883962217499818e+00
-1.305025543680582878e+00
-6.682025755311468140e-01
2.265377705487937376e+00
1.335953282987840440e+00
4.791779213702669904e-01
-1.905421226032499860e-01
-3.404768059884833331e+00
-4.763653099868936924e-01
-2.577474664435670970e+00
7.535512659669763025e-01
-6.141426839718848729e-01
5.701755040992366741e-01
-1.654633144166052672e+00
3.127593677348531997e+00
-2.050045432391557121e+00
-1.578383924346070666e+00
-1.151097651332819577e-01
-5.349607199651641443e-01
-3.609499980352114612e+00
-1.077093329316575199e+00
-2.203987879892889357e+00
-5.669500053934251049e-01
5.009155716849034157e-02
-2.715021271579276085e+00
1.808328657338311440e-01
-9.668724869877808048e-02
-8.660244363593432304e-01
2.136542443025843951e+00
3.683621025675071881e+00
-3.967784562503951840e+00
1.756968548924867646e+00
-1.342627064969063477e+00
-2.334994728270067377e+00
-7.718199374453194039e-01
1.464083108422025159e+00
-1.003636541609168153e+00
-2.905189624390149689e-02
-9.866141103281025337e-01
-3.371372373955050517e-01
1.520000395802278970e+00
6.740137308201276101e-01
-2.876199683671566643e+00
6.875334615826824702e+00
-2.586497537524443224e+00
1.133391057071717389e+00
-1.172659801535875346e+00
-4.445915409115595018e-01
-3.908821991389463402e-02
2.793656017044948037e+00
2.621923045830990340e+00
-1.132090715614600729e+00
1.574043864680404470e+00
-7.858940633127297071e-01
2.585069317399081079e+00
2.416780636125634540e+00
6.797766819666086757e-01
7.807710521660882197e-01
3.115637417033775280e-01
2.946013999501939207e+00
-9.751565417792239510e-01
5.627726749625461267e-01
-3.038793432414566564e-01
2.698894082484940782e+00
2.781983197481498582e+00
1.030884878841446639e+00
-3.567289051531634225e+00
-2.286464189460375884e+00
-3.607704515859356809e-01
-1.026331974203764652e+00
1.756892936553616336e+00
-3.591422638263713996e+00
-8.900473096820248342e-01
3.055238696298752998e+00
4.854636171345597662e-01
-1.602056367854245655e+00
9.367182201245559392e-02
-1.526014767619738866e+00
-4.181955617098264355e+00
1.536862029154109077e+00
5.992521688384352951e-02
-4.146860364367637608e+00
1.020111180108635995e+00
-4.878799465706163407e-01
-1.301218037095901225e+00
-1.246050697492426113e-01
1.108721547380388417e+00
-2.794735693565433277e-01
-5.516255297284045067e-01
-3.121889169765684757e-01
1.447952120585761726e+00
-1.372599350371180638e+00
-4.046673439564149599e-01
-4.163323910778565229e-01
-2.236511619850214405e+00
4.399291996495284351e+00
-4.019166783422448153e-01
-2.565420553215585819e+00
-3.718539833608200507e+00
1.187655134342103791e-01
3.640001586036706094e+00
-1.532866481209677945e+00
-8.803005297478120328e-01
2.884359890477863342e-01
4.594009141574804111e-01
-5.012203864589653612e+00
-3.305414789969375877e-01
1.291291914017620002e+00
1.743058108101483761e+00
1.710059371053642141e-01
4.562465042169136509e-02
-1.554313099587664393e+00
2.510038536463997882e+00
1.587320736075966465e+00
4.412925646585296180e-01
-3.583434974883866753e-01
-5.190891626067845044e-01
6.690643965906745372e+00
5.896012139511247474e-01
-1.090962026896478587e+00
5.059571236061920274e+00
1.559953199909907440e+00
-1.654177118636430410e-01
8.871462254146720294e-01
3.460037389782105510e+00
-1.317209573010200474e+00
-1.153891267687483513e+00
-1.084214149237449965e+00
-2.106694731668878884e+00
-2.038998439526068795e-01
-1.598809933436010633e+00
2.472021785072215483e+00
-2.984999966568769203e+00
-4.981486619933789939e+00
5.405665649817698259e+00
9.860524662457981204e-01
1.008210106468530753e+01
-2.855184444646708286e+00
9.346895341402740309e-02
-1.004833609410416884e+00
-2.771192152052081248e+00
2.977837310701170637e+00
-6.542502043770259679e-01
2.885984147130123745e+00
9.097123455946432014e-01
1.057412984838987491e+00
-1.084607126685475764e+00
-3.108433067443089115e+00
1.078301954991175426e+00
1.926725603285810717e-01
2.003998241856326246e+00
-2.007449817074131282e+00
-5.008142369246892933e+00
2.291461867184579670e+00
1.356777493472010265e+00
-6.120876276823694617e-01
-1.618212365627748728e+00
-1.023672347996957832e+00
8.884810790667915237e-01
5.384776488819312812e-01
-1.559013712828792420e+00
-2.119609396632087250e-01
-2.711788487828408645e+00
-1.506908265980660078e+00
3.154334225481259857e+00
-2.388077179641224124e+00
-3.673133920178369149e-01
-4.728463893082875957e-01
1.964461016787179659e+00
-4.376312122985689390e-01
-2.599934819664830421e+00
-9.279824112296052308e-01
-2.533946626397973745e+00
6.811110732721386007e-01
5.147647231574323357e+00
-2.438293141965938826e+00
6.037977162059229297e-01
-1.738480774210977131e+00
3.213841409620316059e-01
1.438442679926612344e+00
-1.000065932959567361e+00
2.775162233239193199e+00
-7.327798290676905690e-01
-4.051762862972288382e+00
1.143483812272408251e+00
4.822166436491396979e+00
-2.808623568103307822e+00
1.418356786421739235e+00
4.762821570053771270e-01
1.035410545055875708e+00
1.049070636853596694e+00
2.579378184636218485e+00
-7.613784063458652884e-01
-1.230654557968869467e+00
-2.909415234185207311e+00
-5.867441278183058717e-01
3.608657970470219301e+00
-3.228524655523693276e+00
-1.118723412596775990e+00
1.033596390623620964e+00
-3.289156104216676368e+00
4.309137551489617968e-01
1.484580001286891715e+00
3.782894146310646771e-02
-3.199462642318479766e+00
-1.661664119502723747e+00
4.878862069542885926e+00
2.801038480645106965e+00
3.881904000055178550e+00
2.909279975598499046e+00
7.770299348321173527e-01
-3.786335832475383190e-01
8.054307985570756667e-01
-1.390063203152454907e+00
8.368624641807815845e-01
-1.375197630950927064e+00
2.854615695920635354e-01
-4.988694900547844813e-01
-3.120738570147971735e-01
-5.034028221073082676e+00
-1.696661321825400970e+00
-6.263574015845375653e-01
-5.068841612721670664e-01
-5.698931730379682703e-01
-1.389576837572054524e+00
-2.621652062676038675e+00
-3.546599886737433760e+00
-1.656155923967326471e+00
