Best Solution: [-1.35595842e+00 -1.15003249e-01 -1.10556067e+00 -1.14539575e+00
  6.31300414e-01 -1.40953683e+00 -1.26911208e+00 -1.03176771e+00
  1.40275613e+00  8.52718128e-01 -5.94361734e-01  2.01973526e-01
  1.23357597e+00  1.39942989e+00  8.36889098e-01  1.13502859e+00
  6.43454879e-01  5.72231902e-02  3.59328577e-01 -4.84186518e-01
 -8.35277156e-01  1.91545982e+00 -1.54531578e-01  1.55516332e+00
 -2.52542395e+00  2.51917337e+00 -1.41771171e+00 -1.50674179e-01
 -5.55000196e-01 -8.63091420e-01 -3.18758506e-01 -2.90430183e-01
 -4.26424908e-01  1.49919634e+00 -1.02265643e+00 -5.46491124e-01
  2.21595333e+00  2.42059259e+00 -4.16778438e-02  1.85291791e-01
 -2.15954344e+00  4.23930775e-02 -1.95867581e+00 -1.17938326e+00
 -1.45680744e-01 -3.15120097e-01 -2.03206173e-01  2.62739238e-01
 -3.21247438e+00 -3.52763989e-01 -1.49014266e+00  2.35955669e-01
  3.90792073e-02 -8.31394216e-01 -9.44715921e-01 -7.15456860e-01
  4.01038945e-01  1.73138505e+00 -1.15746204e-01  7.23505268e-01
 -3.80253909e+00  5.68518435e-01  7.17818864e-01 -1.75524228e+00
 -9.11908646e-01 -2.78009777e-01 -1.76203395e+00  2.24083441e-01
 -1.81449865e-01 -3.52654129e-01 -1.15995250e-01 -2.48255902e-01
  2.48439481e+00 -4.62811249e-01 -1.17872128e+00  8.98615227e-01
 -8.20113354e-01 -6.26194183e-01  2.17530765e+00  2.43171353e+00
  1.07224465e+00 -5.63857960e-01  1.88162832e+00 -3.26825006e+00
  2.05191588e+00  1.75972779e-01  9.68601689e-01  1.95648377e+00
  4.12261964e-01 -5.88809634e-01 -9.95229394e-01 -1.55490417e-01
  9.43661647e-01  1.73935245e+00 -1.59282953e+00 -6.94873310e-01
 -7.61719270e-01 -1.33617836e-01 -1.71148444e+00  2.74667141e+00
 -1.04055090e+00 -1.09876584e+00 -4.10116161e-01  1.94464610e-01
  6.86209198e-01 -2.96101831e+00  1.92298924e+00  1.25873113e+00
  2.63136839e+00 -2.10534742e-01 -1.32896853e+00  1.48723712e-02
  2.04886796e-02 -1.71016030e+00  8.86942185e-01  3.09705868e-01
  7.95055902e-01  6.35909047e-01  1.17338577e-03  1.19078533e-01
 -2.09137120e-01  1.37910611e+00 -3.00190630e+00  1.77934400e+00
 -1.94052104e-01  9.62507593e-01 -1.15132060e+00 -1.14051198e+00
 -6.35208878e-01 -4.96527766e-02  1.69709865e-03  1.19954194e+00
  9.18444228e-01 -2.68417206e+00  1.49493740e+00 -1.09738473e+00
 -9.13989045e-02 -9.93995642e-01  3.82141866e-01 -1.16927943e+00
 -5.88979572e-01 -5.58210516e-02 -2.16791953e+00  2.75653426e+00
 -1.85819436e+00 -9.72191426e-01 -3.40597473e-01  7.60067222e-02
  2.21736051e-02  1.72894964e-02 -1.13591520e-01 -1.00329105e+00
 -2.82536712e-01  8.96083760e-01  8.68033012e-01 -1.48008956e-02
 -1.26517599e+00  2.16624693e+00 -1.65552607e+00  2.86419809e+00
 -1.40716482e-01 -7.89625953e-01  3.13488732e-01 -1.36484577e+00
  2.29084839e+00  1.88337264e+00 -1.00104355e+00 -1.28720842e+00
  1.10362566e+00 -1.80896496e+00  5.33586599e-01 -4.77268343e-01
  5.47061616e-01  2.65304140e-01  3.06574524e-01 -5.05874971e-01
 -2.15712726e+00  1.25421427e+00 -2.59734452e+00 -3.87441072e-01
  3.20005172e+00  1.24918637e+00  1.90649825e-02 -2.72036499e+00
 -3.56376103e-01  2.91309511e+00  3.90141344e-02  2.36912246e+00
  1.81414400e+00 -1.05220400e+00  9.07895719e-02 -2.30106244e-01
  5.98044617e-01  4.69665878e-01  3.89464044e-01 -1.19563767e+00
  9.38242563e-03  2.28306338e+00  9.78069418e-01  1.21794139e+00
 -1.02110458e+00 -1.84264759e+00 -9.82659575e-02  1.82006735e-01
  1.18481318e+00 -2.10271072e+00 -1.50946097e+00  1.52611414e+00
  1.98975009e+00  4.69879361e-01 -1.47890465e+00 -7.86938203e-01
 -1.68804812e+00  1.23241198e+00  3.63912003e-01 -2.10544939e-03
 -2.80602596e+00 -1.24955938e+00  1.80719504e+00 -1.02831803e-02
  6.03288773e-01  3.16438494e+00 -1.10829167e+00 -1.75236954e-01
  8.21540711e-01 -1.37015765e+00 -2.45529120e+00  1.77823229e-01
  6.32300811e-01  2.76828239e+00 -2.31303339e-02 -3.25945768e+00
  1.89340571e+00 -7.32711291e-01  8.50265383e-01 -2.68595913e+00
 -2.34177003e-01  8.94827167e-01 -1.81437623e-01 -6.34237855e-01
  1.20593371e+00 -1.39909717e+00 -1.96742391e-01  3.31957284e-01
  1.09158116e+00  1.43626504e-01 -6.08237756e-01 -2.87414336e+00
 -3.61450319e+00  1.25639143e+00 -2.24677934e+00  9.57767059e-01
  2.65950059e+00  4.24613383e-01  1.34160546e+00  9.77812635e-01
 -1.09983161e-01  1.39373735e+00  2.45883369e-01  8.14651959e-01
  2.06098179e+00 -2.60284441e-01 -2.58763098e+00  1.44812325e+00
  7.10945196e-01]
Best Fitness: 93.018216
