Best Solution: [[ 0.35552352  0.28901811 -0.02758603 ...  0.05664349  0.23187865
   0.32325151]
 [ 0.32636481  0.20674455 -0.20714936 ... -0.02729625  0.44558262
   0.25641027]
 [ 0.22097837  0.27295831 -0.14430375 ... -0.11343858  0.21757545
   0.27971572]
 ...
 [ 0.20470589  0.27125572 -0.26480398 ... -0.04292354  0.36751953
   0.44474319]
 [ 0.21074103  0.23213849  0.02897106 ... -0.06176621  0.35773788
   0.29215885]
 [ 0.19201195  0.17503074  0.06112098 ... -0.03692099  0.37417497
   0.29153627]]
Best Fitness: 85.206465
