1.420502966773342646e+00
-1.272452552489015121e+00
-1.889122340701853364e+00
-1.648102829573724781e+00
1.526854718705148439e+00
-1.908063055004789010e+00
8.017999793351882065e-01
1.818757947475158065e+00
-2.451881488700115241e+00
-5.313811899076120726e-01
1.944556290457648995e+00
-3.442691372327612243e+00
-3.575076590941896892e+00
1.119847258899346665e+00
-5.433390744134712902e-01
1.725669799548609218e+00
3.627435786891206160e+00
4.390503519929213283e+00
-1.211285168804516310e+00
-5.776911738993496526e-01
1.023182870797574529e+00
-2.778427349905164156e+00
4.759308531755868543e+00
6.271252198463232119e+00
5.627433712868218363e-01
4.978231893611797965e+00
1.832316116342899370e+00
-1.363922823390311567e+00
4.647056439848618048e-02
4.735029717718097775e-01
-1.205658975712082581e+00
1.022829629120459938e+00
-2.462370466335285890e+00
1.171816505983841239e+00
-9.555691857654806665e-01
3.726147547899146817e-01
1.400435266797661060e-01
-7.523226657387360738e-01
4.719408370389521767e-02
4.846954596504339241e-01
1.461810001877541787e-01
1.332904012256169168e-01
1.118162774522810210e+00
2.627847818935731716e+00
-1.115009569847193793e+00
3.171497096703309593e-01
-9.823020937904780592e-01
-1.267126596314970932e+00
-1.463804539076856148e+00
1.175785116080862336e+00
-1.533930885808754807e+00
-1.310464213698970370e+00
-6.168375734941722310e-01
2.544238584717008589e+00
1.021358257803630432e+00
2.741689896988545705e+00
-1.628368196589511818e+00
-2.670452576513043796e-01
-2.704863112373597778e-01
8.703261568903205569e-01
1.453707620467278749e+00
1.001257363165897862e+00
9.027306680355710045e-01
1.284815435233598757e+00
4.637556829012369208e-01
-1.183139409320561386e+00
1.124483439330706824e-01
4.557950669240489638e+00
-4.289385615898724247e+00
-7.683185285227491779e-01
7.433528856709391563e-01
1.053149941552559365e+00
2.368526305626217354e+00
1.488137111378696753e-01
-1.830196077372931773e+00
-2.245736226299241522e+00
-1.577616350566369174e+00
-3.448345654271377292e+00
9.465587472879009034e-01
-2.377666329210316176e-01
1.695258265523863273e+00
1.995175941618273718e+00
-1.341270388311734285e+00
-1.858114418120808686e+00
-4.092099425321572781e+00
-6.299385146247828970e-01
1.998816831933170057e+00
-1.803504632827549470e-01
2.742904833193621883e+00
3.851526174975828387e-01
4.725980268236434356e-01
-4.381908374157347907e+00
2.838095176963284949e+00
6.182702056002131741e+00
-9.802689510070947687e-01
-6.847193500158025303e-01
-4.681010145477510598e+00
-9.317061624822498000e-01
1.825573818510284330e-03
-3.714697744670401036e+00
2.701895917401580527e-01
5.788907991787730634e-01
-2.945913207864451877e+00
7.563470238481743158e-01
-1.250252957088490380e+00
-2.210586925984635354e+00
-7.438414704498725882e-01
-1.502333189587095497e+00
-2.313049628630829968e+00
-1.275648675335445681e+00
-9.046224649628356040e-01
-2.995723466841456739e-01
-2.146614758804665513e-01
-1.330076408434639923e+00
-9.227655097249320981e-02
4.274943637814432762e+00
-1.430857246067599853e+01
-2.806764861266553557e-01
-9.769623728719449840e-01
5.009772757721346004e+00
-4.289200790338216218e-01
3.514931796733916869e+00
4.736237476086934350e+00
-2.096901946614244117e-01
1.479310512093037877e+00
5.301246384923976596e-01
2.422130751939723492e+00
5.534866604092896214e-01
2.227597877182110775e+00
6.730880356877006143e+00
-2.559831652243011124e+00
3.175643713800408108e+00
2.427536622264768962e+00
4.853547944392021529e-01
8.772313599507485238e-01
4.211110412313545659e-02
-1.135788123598468147e+00
-3.442834306569432901e+00
-3.439231346638145226e+00
1.957622541012116191e-01
-1.401635313253319470e+00
4.221606189376502449e+00
-1.183296996353041752e+00
-2.526695163992396242e-01
-3.489318457360242487e+00
-3.294419700654329097e-01
1.308071365621532811e+00
1.153887456816225093e-02
3.535525648409481025e+00
-3.312948541911802103e-01
-3.724118169744092821e+00
1.375512446269872235e+00
-2.758253022714751701e-01
1.235249478494497399e+00
3.882739292154266497e+00
-1.212772084420844942e+00
-4.332387126822940360e+00
1.706534202247214971e+00
-7.546703640149681203e-01
-3.406419121030110020e+00
-2.355634292951361619e+00
4.849502164663795689e+00
-5.598647832879281028e-01
2.753286941285068679e+00
1.225650960551252666e+00
1.086926908548668802e+00
3.529762566269812885e-01
2.521051873422145650e+00
1.543117361842929691e+00
-2.768784254685549673e+00
5.649472759044137371e-01
-1.497465485571387145e+00
1.147727553920141474e-01
3.162781111881449725e+00
-3.011883058185942819e+00
-1.651076499155097688e+00
3.129672650634148567e+00
-2.130657062075111408e-02
-3.508734484639925100e+00
1.184186258809008629e+00
4.677913544856406425e+00
3.161458194533209198e+00
2.746426868124121956e+00
-3.836455019366753483e-01
2.665454994586522908e+00
-2.126199106717946430e-01
-3.111794531923307572e-01
1.074679277884480921e+00
-1.140353628736922609e+01
1.004958161453398668e+00
6.006079755287848654e-01
2.203808215575726592e+00
-7.484968633482480538e-01
-3.485747937128218954e+00
-4.176474547548542082e-02
1.390315653150759667e+00
-8.452270071296046350e-01
-3.983868896261704595e+00
3.087970761219988702e+00
1.707798666709414714e+00
1.144268123497845124e+00
-2.379248529439506044e+00
2.289304089697278943e+00
-5.417026735139350180e+00
3.947826848776720077e+00
6.567313622790189598e-01
1.704749247673678525e+00
1.738843517072930611e+00
6.279167842808449640e-01
-1.645241547264727711e+00
-1.656271846658041724e+00
-3.157113414343311497e+00
2.242591584933256055e+00
2.766410664670944541e+00
8.273852762259872318e-01
1.404654847338282941e+00
6.342825051309433526e+00
2.933132518326031946e+00
-5.413552317949235082e-01
-1.400456359953443863e+00
-2.665942816254135650e+00
-2.407881202054653891e-01
-5.197376807311422375e-01
-4.063479971633268129e-01
3.438826617623460535e+00
-3.666926098754572205e+00
-1.117886898789321348e+00
4.733927190807513119e-02
4.244864717403739718e+00
-8.192675468521675164e-01
2.721533121440831593e+00
-8.167046039492005249e-01
3.373148067470393974e-02
3.881098558685132982e+00
1.796907486288630507e+00
1.921981468659446968e+00
2.515276804023222734e+00
1.332931156666735006e+00
-5.973275751452037374e-01
1.449555768916926946e+00
-1.811643186798445715e+00
-5.947384926301901853e-02
1.779848885374840095e-01
2.927804899171304154e+00
-3.306569708501856830e+00
-5.746882678997998761e-01
-1.094907483245546764e+00
3.276193789315823945e+00
3.153563282088104103e+00
-1.523370116269232799e+00
1.651467499742756306e+00
2.996693965384383818e-01
-4.599942553102639997e-01
-1.728396555086479713e+00
-4.657100974923961800e+00
-5.512126513830114538e-01
9.487803833367047801e-01
1.401238183650548974e+00
7.658985056593758944e-01
6.598039763199206043e-01
2.429053746770372335e+00
-6.098803983365268522e+00
5.085641609558905207e-01
2.944842842742280364e+00
-1.541908562038614594e+00
