3.096847553340227321e-01
1.147782064525089352e+00
-1.078078038785018844e+00
-2.713088832889373192e-01
6.590615742783123565e-01
2.119270384310935285e+00
1.163259869836079652e+00
8.648855853755901268e-01
-3.018530932180442106e-01
6.907057644780969508e-01
-1.851914440823986485e+00
8.610510548651149065e-01
5.770937523047250384e-01
9.916246665238680480e-01
-2.452099939604382328e+00
-1.121897933238773293e+00
-1.847160589202947456e+00
-5.169683247581509100e-01
9.268738525647396420e-01
-7.922811084722317654e-01
7.965768806467776741e-01
3.241493495576255324e-01
-1.045451771201111463e-01
5.450078799844544353e-01
-2.638057277676021384e-01
-4.821662940064214142e-01
-5.098436669413700661e-01
1.171375744716362188e+00
-9.878128756109457731e-01
1.019661854209542362e+00
-2.303209015933591175e+00
4.022331775578125157e-02
-3.481108802582576489e-01
7.897932659401383226e-01
1.062394744183875694e+00
7.578740907207535127e-01
-1.309700483496371470e+00
-2.244355602742533207e-01
-7.235340527687483814e-01
1.466671678164379600e+00
-4.172065359444910859e-01
4.808939825942334378e-01
6.204032315669387732e-01
-1.155299477789380802e+00
-6.616028390529191117e-02
2.900892867963492106e-01
2.783175621630119556e-01
2.192012850701960502e+00
2.496374439062686301e-01
1.494670291228773262e+00
1.670533386295093292e+00
-6.022274918165683166e-01
-2.965183825468471757e-02
7.264351143845734216e-01
-1.084245608390729698e+00
-4.188652466569694477e-01
-2.783424350692806470e+00
-3.592578653840132752e-01
-4.862584432551516622e-01
-1.759377905876335246e+00
-1.265389405085532104e+00
8.488279729272825147e-01
-3.322329944404453617e+00
1.630506644212643463e+00
-8.705078678279960513e-01
-3.496564904958258113e-01
5.357896757631043227e-01
-8.830735299180256237e-02
-1.536259448389703186e+00
-3.118373348136526113e-01
-1.092041715184834505e+00
-7.282597844834030054e-01
-1.452425773941330434e-01
-1.022432538928960799e+00
-9.793677039631757397e-01
1.433003722481563491e+00
5.940569214576948420e-01
-2.413444463931538886e-01
1.574272904276215357e+00
1.870411413340265505e-01
-1.954458208917159823e+00
-1.056011799108283578e+00
1.323726114164036627e+00
8.133744806104018510e-01
5.153931071433934807e-01
1.794396780071037867e+00
2.002551119383923162e+00
3.616438959125846120e-01
1.412151795462003534e+00
3.654942442182841367e-01
1.511577703032340070e+00
-8.439312889754840841e-01
7.955667779317429078e-01
6.327103949783242642e-01
-6.491869571060774335e-01
-3.851172162418738387e-01
-1.535784711677092407e+00
1.404633951645291479e+00
-1.495546790345317678e+00
-2.518742957594337195e+00
1.036490263041032422e+00
2.173026395679999112e+00
1.402578783828879461e+00
8.015521676553457597e-01
7.553738278103880877e-01
-1.753247599613546037e-01
3.915936750187923643e+00
2.164884150838635168e+00
-1.548924214464850735e+00
8.292631277810722512e-01
4.341032224069017453e-01
1.049909332275051899e+00
-7.072482894682349253e-01
2.376129978895463457e-01
-2.741970651231724898e-01
5.535243027184024722e-01
-1.260976685783025131e+00
6.309678892030884390e-01
-7.796994255481849434e-01
2.316022566673127780e+00
-9.758745827813648521e-01
-1.519515202225016903e+00
-3.475058767465704079e-01
9.984813764759321586e-01
1.214557100902855735e+00
-3.449747518297693882e-02
2.662390725097307342e+00
-1.174230550676895302e+00
1.951095328678932761e+00
1.078881467445230280e+00
-2.201928021638658098e-02
-1.527444825616194546e+00
-9.495803376823440667e-01
-6.557897102932676026e-01
-8.228599807891150419e-01
-7.108080587097005409e-01
-4.454947562290402230e-01
-1.108908837011877146e+00
-1.762726444112542090e+00
-1.482816996747173821e+00
-1.573938280113200694e+00
-5.631460989081512603e-01
1.539937092934827279e+00
-1.802732034423189855e+00
4.441634630230417158e-01
-1.047810902105535291e+00
-2.066140417806268115e-01
-9.066785614830996654e-02
5.894545705395461965e-01
1.220713888389357848e-01
-3.516452806975860490e-01
4.839266853707832050e-01
9.617858278709332520e-01
5.540355004109354109e-01
-3.507906188013896198e-01
6.519542096411025112e-01
9.244219193528082634e-01
-8.574021207425700508e-01
2.774923512216621035e-01
3.394337649567269022e+00
-1.086222689234315059e-01
-8.717734539867209864e-02
1.672472685318477925e+00
-1.259112674231979145e+00
-1.190394262628473365e+00
-3.649874131616874795e-01
1.247197767942268110e+00
2.349076470522774851e-01
-5.086955421817683787e-01
-1.213869858623101983e-01
-6.323050366281344203e-01
-7.408143390479902113e-01
3.219446775424846807e-01
-7.895063667497881355e-01
9.114367643398446628e-01
7.870308659078217861e-01
1.627351200190032543e-01
-1.566194312216511175e-01
5.548819608049951890e-01
-2.975757024406074924e-01
7.176017274021778691e-01
-1.701063321510589921e+00
2.587130359545843916e-01
2.035094733550899093e+00
-1.565498059727309099e-02
-6.300516777671272273e-01
-9.228902167723169736e-01
3.404528635473368370e-01
1.141241944161359934e+00
-3.493173382304322061e-01
1.885505865955685589e-01
-1.121980059986763978e+00
1.640825303029433524e+00
-1.325042939855891388e+00
-3.488682019225355924e-01
-8.425598580190558629e-01
-1.194575323601039685e+00
-3.827357354087106422e-01
7.067422484397631877e-01
-7.574553772900130544e-02
-1.831347262416179178e-01
9.122961609504482983e-01
-5.591786681127728365e-01
-6.903968025466569736e-02
1.899483897323339221e+00
9.827273656548902725e-01
-2.107701510660003219e+00
-3.925434569020390674e-01
-7.790230615135768089e-01
9.077648415745628308e-01
-1.498860804801886104e+00
-2.810175840045656681e-01
6.195342234755626953e-02
4.285515001675260782e-01
4.498038639214696488e-01
9.815943862306378831e-01
2.599716402259846237e+00
-1.932602572589730450e+00
2.542397291200266363e+00
9.752218210248499997e-01
2.270162000813622238e-01
-3.999330584359936935e-01
5.100868984819737495e-01
-3.085900100081864217e-01
-3.535801470015509929e-01
2.572394585218012453e-01
1.784411177439264140e+00
1.525691196637413594e+00
-1.296899603270967649e+00
3.206723006107355944e-01
3.411991735959920558e-01
-5.776245263329012891e-01
1.763106029809323072e+00
-1.539601398033280111e-01
-6.003171899203183504e-01
9.327141668711904643e-01
-2.386682934929159478e-02
4.889913348753932576e-02
-4.556430583396999245e-01
-5.350325571142977576e-01
8.151239256844776682e-01
8.195984906601500031e-01
-5.656147226422936214e-01
7.862943582823241073e-02
-4.977728798440029245e-01
5.079888304088748807e-01
-2.469831860513126642e+00
2.275272943736432296e+00
1.058887485390231503e-01
1.248094411543438476e+00
-4.197611015571351967e-01
-4.510353802462076511e-01
-1.156955070768185045e+00
1.486671154535602613e+00
-7.351607635734894730e-01
2.307056385592179293e+00
1.893993776816392360e+00
1.314533278865375632e+00
-7.597244168855805668e-01
7.494803617650318550e-01
-1.168640322591751657e+00
-2.035552411944208107e-01
1.077757946043415294e-01
1.597060408738165904e+00
-3.551814732696183252e-02
