-7.293808571487276904e-01
2.614029291781284403e+00
5.067400021876606875e-01
2.617148205980916131e+00
3.876041017569629599e+00
1.864266891368274726e-01
-2.790711122156243729e+00
1.451549741635897561e+00
-1.241910127618146786e+00
-9.461064946938418929e-01
1.114641218148862967e+00
1.616384202557794803e+00
-2.785867926700892561e+00
-1.698204962029276288e+00
1.642932736432466623e+00
1.035242919160870079e+00
7.201913134406806583e-01
-6.099265962329043056e+00
5.365155713959578465e-01
-1.350818239987144453e+00
1.559181590886154156e+00
1.170655761047582288e+00
4.628117908127967750e-01
2.014901709901886218e+00
3.614522772458573563e+00
-1.073683019685430784e+00
-1.966551297460813252e+00
2.790825621440645499e+00
-1.327918370698783601e+00
3.183330075454336772e+00
-4.305043113124279230e+00
4.205427877109692569e-01
2.391646667557758565e+00
-1.942235102253445922e-01
-2.138970968495056191e+00
5.313611001738248518e+00
-4.037025838052256677e-01
1.772946300406442743e-01
-1.217353985549481932e+00
-1.295851582234277100e+00
-8.283001526488475985e-01
1.739145477355299896e+00
-1.739708073478992922e+00
-1.581139746377301813e+00
1.441478050301281399e-01
-4.946654473660299089e-01
6.755660489010066883e-01
-2.249051791285050950e+00
1.027434659852430654e+00
7.818454669951775404e-01
4.170046215319230254e-01
-1.716349569755363458e+00
-8.023692236449873061e-01
-2.761596255881936912e+00
-2.963292166258205018e+00
-2.253471958787980345e+00
4.123354936175342544e+00
-6.075921630706097032e-01
-1.336442436448622983e-01
8.611737921624263992e-01
-1.927729084946344873e+00
1.510430902147676502e+00
-9.197016941744960983e-01
-2.615607026638566257e+00
-2.024295114242820492e+00
-2.241026681503718976e+00
1.935378496266660475e+00
-3.182683557775348726e-01
-1.945840912615141027e+00
-8.452092825776635898e-01
2.157855882593365582e+00
5.919845930858831373e-01
2.175998486177999763e-02
-9.000826480683717934e-01
-2.029704478346790797e+00
-2.314431903310053773e+00
-7.670789202127797912e-01
3.587765760756005395e-01
-3.064348660782741707e+00
1.333817881462555421e+00
-1.736070940255822759e+00
3.594203546112655356e+00
-5.978159121716284385e-01
-4.377514249748538866e+00
3.679320908436842785e-01
1.766620805010247208e+00
-6.837026842904116997e-01
-2.337021869055821544e+00
1.017075332503757146e+00
-4.624032245632802574e-01
8.816570463338647690e-01
5.344898947040430670e-01
6.942456842560223995e-01
-2.687865387197844180e-01
1.114355115001335106e+00
-3.439444862626737653e-01
-1.680014516083296661e+00
-1.745726706556410157e+00
1.783296828214394392e+00
-1.188692107256924979e+00
-5.344473460768181639e+00
-7.731633027316237028e-01
-6.136009231322556712e-01
4.369210017172624472e-01
2.544177042777211462e-01
-1.864582594140954397e+00
-2.960327432288989424e+00
-4.171071139834766628e-01
-9.956698293017447465e-01
-1.459173024606345848e-01
3.831014188384975760e-01
6.517594523304528487e-01
-2.294940608937695858e-01
2.020725528708549490e+00
-4.259169812647857767e-01
5.988825555957248969e-01
-1.805485580141717783e+00
3.140200696859644758e+00
-1.072130437323024044e+00
3.215782581634201165e+00
-3.262402518746512770e-01
-6.496485550874651071e-01
-6.203123368646510510e-02
-2.841682945261170268e-01
8.422097196526922014e-01
-1.616282427573846880e-01
1.474487198373244934e-01
-9.355125789546532289e-01
3.024287607515356302e-01
4.285376292879197191e-01
3.049839802321485660e-01
9.297678123997924482e-01
1.907056511384593867e-01
1.461219373598260152e+00
-1.918225032583716239e+00
9.350775107139175368e-02
-7.068886722832933289e-01
4.006099107285509220e+00
-4.164692462639074222e+00
3.128845013758255078e+00
2.272989143837841342e-01
-2.281485129979460638e-02
-1.576799801776511245e+00
-2.342834366130554180e+00
2.777953758157567510e-01
-1.200864539093933481e-02
2.202284345153212364e+00
-2.565311277580153426e+00
-1.077544909150323971e+00
-1.790992470883092103e-01
6.326187014583192769e-02
1.479485777839825156e+00
4.884635639913920135e-01
-4.234809770548535468e-01
-5.824074136631874898e-01
-5.659154730860049831e-01
-1.567659204280813068e+00
-1.332874326221531680e+00
-1.082124945480291978e-01
1.705615494272867849e+00
3.295163157845351964e+00
3.809059618699480954e+00
1.592931819298947893e+00
5.865202456005914611e-01
-6.742005150623482379e-01
-2.088263275259251150e-01
-1.133340201472628206e-02
-2.882395999323402180e-01
8.372226078664204985e-02
-1.852300900314666210e+00
-6.288769986381687049e-01
-6.960385049907585886e-02
6.315902857831938721e-01
1.356134216751189614e+00
4.681250186235827115e+00
1.555346634772245773e+00
1.797259318323760624e+00
4.155270251162943573e-01
-5.093593301302620224e-01
-9.706845999410587122e-01
-8.729945520639452727e-01
-1.852134693371272345e+00
-7.117139989155407687e-01
7.921398838192228453e-01
1.717367890518305629e+00
3.575223975455533054e+00
-9.820636467481775878e-01
6.149825419492803702e-01
-1.068664059125328247e+00
5.407738363791461111e-01
3.120366206836149292e+00
-2.084828993063202240e+00
-2.614794352982527492e+00
1.802213137566896828e+00
-6.733675080841817762e-01
1.580800526125062166e+00
-2.544696340325575123e-01
-7.272616946081185141e-01
-2.049753197687738560e+00
-1.405603420688922855e-01
1.800401633108116517e+00
-1.586520633729897822e+00
-5.610807811366891329e-01
-1.012363126412301195e+00
-7.092160340295410315e-01
-4.195947788751812624e-01
-9.443204799415108042e-01
-1.084223757004689759e+00
-2.604353613326919170e+00
6.690120897996824079e-01
-2.526939256968943504e+00
-8.994374380311827011e-01
5.210068552592553859e-01
2.270522166820414967e+00
2.390629545628608632e-01
5.484328363986774590e-01
-2.572184221588781905e-01
7.021837986279080290e-01
8.121438491466073106e-01
-8.397664089364965667e-01
8.650749846986293123e-01
-1.834682118324609812e+00
1.815956567606640482e+00
-2.593649401392030374e+00
-5.551619297391108265e-01
1.034450442560386429e+00
-1.372375844917375742e+00
-9.232422519969445407e-01
-6.441057762378683826e-02
-4.084472947542782117e-01
4.963515820235773646e+00
7.389995734564454022e-01
1.007609221425027846e+00
7.097666212494739835e-01
7.189522038556891426e-01
-4.199806413903210411e-01
3.401864172350263171e+00
-2.394024873614791493e-01
4.889912243833476335e-01
-7.364482038289890120e-01
-4.590076942137303884e-01
-5.729496440742503083e-01
5.643732531480125658e+00
1.236868552948546141e+00
1.139850371187520306e+00
-5.222151350302863815e-01
1.000632775259290730e+00
-2.655236081555576000e+00
1.445833949901688398e-01
1.547396041197994121e+00
-3.395950055966587389e+00
-2.712709739337460402e+00
2.678623522226050380e+00
2.588609074577688851e+00
1.003075238295018656e-01
8.520841223855936120e-01
8.077257375299983222e-01
2.350919968635184487e-02
-1.188814129172823586e+00
4.115684546434034807e+00
-8.185958339142976325e-02
5.899192933075361189e-01
1.100774751727032541e+00
1.646101849980862397e+00
-1.369911903514466678e+00
