-5.810656683656609811e-01
3.480081401957995535e+00
8.950818547726395735e-01
-8.835734973061873387e-02
8.362098865341809351e-01
-8.542505667065014574e-02
1.387299865025807044e+00
-7.084675373770642215e-02
1.192951647116314851e+00
1.356357261882045473e-01
2.362389530188783393e+00
2.206052564273926375e+00
3.921729173953679704e-01
1.556282677559873040e+00
-1.061469764680647021e+00
-1.602308580353772882e+00
1.552230396239703492e+00
-2.921788065038370075e+00
7.694161211061329997e-01
-1.184621465479187563e+00
-1.387719051388171254e-02
-1.192224584706785606e+00
-1.115285343123797679e+00
-5.753662397053129762e-01
2.104446817140566584e+00
-3.691461491599462352e+00
7.587215042689824385e-01
2.574405818751899222e-01
2.273300986056661088e+00
-6.281367612997624805e-01
1.116965871689319378e+00
-2.294882342088954807e+00
1.223891187729539975e+00
-4.712032931352246323e-01
-3.141953515821299447e+00
-1.168458437640483849e-01
9.770004297695598083e-01
-1.214126842481076496e+00
-1.960100412263025671e+00
-1.330418968103133093e+00
1.180211693484490398e+00
1.554840206162397265e-01
-1.336891674341169178e+00
-1.456919160400300006e+00
2.480888134756233931e+00
1.485130612562771679e+00
-2.606037326137373267e+00
-5.765954352942206373e-01
-1.142087177313569901e+00
2.948018221842086395e-01
-1.604265967538973658e+00
-8.599677884250913618e-01
8.452091213644139511e-01
3.282545656211228735e-01
6.405903799532994825e-01
6.374596482564773847e-01
-5.657634677764690201e-01
1.259606223478556997e+00
5.207948403508203539e-01
-2.435817259534429624e+00
-1.457956094061499730e+00
-1.849652435064292444e+00
7.271792380874957384e-01
-9.272419101777515937e-01
-8.811785630755040177e-01
9.677816981216844083e-02
-2.289114883823298308e-02
-1.911892236427926162e-01
-1.616365638554786432e+00
3.630311328071467170e-01
-1.228881583699618085e+00
-1.940280922111019546e-01
5.209988367279783095e-01
-2.134591390926860247e-02
1.896064564485796744e+00
-3.994330149937441732e-01
1.578130005727447882e+00
-1.387209917907679946e-01
-1.180008398554276416e+00
1.599304582498572103e+00
-1.775583980558353980e+00
-3.344555821447976474e-01
-9.990245971992222085e-01
-1.584997315928636796e-01
-5.509002585095359450e-01
-3.423157867185777636e-01
-2.169215801995158621e+00
7.073959691460688370e-01
1.476109364070530505e+00
-2.655552901984149727e+00
1.172020847319767078e+00
-1.245162140278697205e-01
2.363106188473361069e+00
9.103246629490256980e-01
1.064077627073010346e+00
1.779867506327721172e+00
2.257587232712723324e+00
-3.107345455920405008e+00
-7.777921042956804643e-01
-1.384843435759075980e+00
-2.591530630759516285e+00
7.863928737452654527e-01
-4.260977155033501829e-01
-2.113780989142480582e+00
-1.574160730681783749e+00
-5.672090198492836244e-01
1.552208282724679256e+00
5.606420237539982976e-02
-1.580109776727443016e+00
-1.348186214077923051e+00
-1.726111394708432223e-02
-3.558468455765796956e-01
1.360216923102377740e+00
2.476850668148364409e+00
7.242529114732231266e-01
2.501839406842767399e-01
4.669443392782486324e-01
-5.412037035555381514e-01
8.555164597774324031e-01
-6.591007564150928033e+00
6.006035546607915165e-01
7.572926894068318093e-01
-1.588410503553844499e+00
1.779749341363843662e+00
3.994158352244436827e-01
-1.167110557988019437e+00
5.821361194575840337e-01
4.995156338667308682e-01
-1.382359054796714393e+00
-1.314430166855302895e+00
-7.451395647621288365e-01
-9.155025207945073351e-01
-1.126879136754768140e+00
8.450731497040576690e-01
-2.099386634322342182e-01
2.293920395252704303e+00
-1.550809092645242027e+00
6.195280234868933977e-01
9.635127083845782536e-01
2.119217400521640204e-01
-9.513474806303934272e-01
1.466637794955362617e+00
3.105268252108368987e+00
1.151102583096322185e+00
4.873378513430511871e-01
8.784712593887396004e-01
2.634486028409228076e-01
-4.089082799037018212e-01
-1.654291950974767111e+00
5.152355820184887358e-01
-1.151403342059732937e+00
-1.021746525537330919e-01
1.653383889617983105e+00
-1.075114439445111536e+00
5.562124404295377689e-01
3.439065212331677834e-01
-1.236330264408601387e+00
7.315951838572104515e-01
-1.071598206274144927e+00
9.067310613467753910e-01
-1.098890134230802396e+00
2.903336372813473676e-01
3.807266371147473905e+00
-1.314929251452365611e+00
7.106345125371903437e-01
-1.685265507524489115e+00
-8.797390424816905474e-01
-8.150328378784863492e-01
9.759386135060750256e-01
-4.804265475078980940e-02
2.506978772948896816e-01
1.948218770056259874e+00
-2.874030928872445489e+00
5.303462205399825935e-01
1.007339722075071720e+00
-1.245449961567739683e+00
5.198160942570387855e-01
1.572774360221712797e+00
1.985566396267633982e+00
-2.768228252748140328e+00
-6.321763176556672859e-01
2.471808173239689876e-01
-1.291131180678821488e+00
-8.256868576519351688e-01
-2.933333579622007026e+00
-1.887744399795818318e+00
5.874200037495966864e-01
2.527147872432423004e+00
-2.801020614712869339e+00
-8.838904002405258975e-01
-1.019757734571697050e+00
2.057319181739242442e+00
2.347226786822459221e+00
-1.729211182556560145e+00
1.447332025470321026e+00
1.733057943662586364e+00
3.133702578232378522e-01
-1.802952487986221097e+00
-9.763628107488299124e-01
-2.441578275636792750e+00
-1.074534337661872341e+00
-1.893725232388104418e+00
4.189195584815461060e-02
-3.062361935051982065e-01
2.362852596935271166e+00
-5.120835665556692229e-01
2.141432461622006844e+00
-6.421569749040672015e-01
-8.370787834785076154e-01
1.106890344120659453e+00
-4.044873981320372680e-01
2.053663819122225898e-01
3.336486843540394265e+00
5.933484373900500541e-01
1.133715412873232298e+00
2.262881845795930436e-02
7.553605209835930756e-01
2.790206729589886914e-01
-1.150183657684620497e+00
3.730474915972702643e+00
5.113861369939217694e-01
-1.406247265441730177e+00
-6.376885093536953653e-01
1.135916814956434484e+00
-2.666950177352600093e+00
-1.784460890470244809e+00
-1.987679675793998513e-01
5.260316535201879917e-01
4.519583922396206432e-01
-1.065788094701500599e+00
9.406293567264912836e-01
9.747061250159163581e-01
5.882347058736031364e+00
-1.682894331374029662e-04
1.660828804032414174e+00
-4.764650720514184701e-01
1.266164906077690500e+00
4.229204335605184495e-01
-1.388207825409556173e-01
-3.650729438761548096e+00
-1.263768475534857272e+00
-1.810413737320473615e+00
1.777508689601733805e+00
6.777313184096055432e-01
5.321582051622943954e-01
-3.817695817516249951e-02
2.534443403914926063e-01
1.601928762233581605e+00
-4.496832921161945662e-01
2.578303330870735377e-01
-1.017929125099085397e+00
4.348276169781633074e-03
-1.031461291256212803e-01
-1.070529853905823670e+00
9.716242410190143453e-01
4.371406835610639696e+00
6.860488151539986257e-01
1.640711785506981935e+00
2.440860839407715588e+00
3.986956905481030544e-01
5.471161111731959181e-02
-8.441672558624949696e-01
-2.360372673326069037e+00
-1.485918767875296753e+00
-8.436173926696004521e-01
