1.316917230213934253e+00
-2.570413402506995237e-01
1.742340895330783512e+00
-8.492820331799130207e-01
-5.489416799153614690e-01
-3.254770275171509075e-01
-4.027213613056727093e-01
-1.507116623351468787e+00
1.406229901734323384e+00
9.566845523421620978e-01
1.704612930293881279e+00
-1.305519281908849472e+00
2.057055614519669173e-01
-4.121104724819683041e-01
1.257261268099967744e+00
1.588161761213714218e+00
-1.851503339397764236e-02
-6.389713946757158425e-01
4.104509891773982025e-03
3.088260973609247895e+00
-2.199120312997437376e-01
-7.969242317745246496e-01
-7.780550782592107195e-01
1.490973671860032601e+00
8.867586420855403384e-01
2.041924361977928815e+00
-1.493414753721891586e+00
-1.536544379023974560e+00
2.186635486374312320e-01
-1.593874112163674861e-01
-4.910360734837637686e-02
-1.705008338082719899e+00
3.209420364528108305e-01
1.127015616771856354e+00
6.359911646003616470e-01
-1.039517515765810085e+00
5.192667674744512185e-01
3.694567812116734129e-01
-1.880419431510328421e+00
-8.682256157826021559e-01
1.023366339056312579e+00
-2.255594173553702841e+00
-5.939397244833371364e-02
-1.771985502031772519e+00
2.023156083110822401e+00
6.967599139371780659e-01
-5.684887373547775624e-03
-8.626871838010652382e-01
-3.422880019198243917e-01
1.437171175765388886e+00
-1.643333409151847446e+00
1.270259521951172310e+00
1.496648401481003754e+00
7.122814934462906589e-01
4.164860228705615786e-01
2.955803527372578010e-01
1.756631440796385446e+00
1.124605741910645884e+00
-6.978220067909798985e+00
-3.518806096692574936e-01
-1.217843981306773404e+00
-1.333677017844521862e+00
1.088239376319247720e+00
1.109662323579674315e+00
-5.962811356506934057e-01
3.002164452435913122e-01
-7.142721581952872212e-01
-2.280763221472744684e-01
-2.733249384788029257e+00
5.245067534226126593e-01
-6.869200699091762008e-01
-4.064860907943740997e+00
-2.281852896522522212e+00
-8.692574801124713924e-02
-2.039144364191239345e-02
1.207464527263971021e+00
-6.419528592614792695e-01
4.604202972639279690e-01
1.943584113215808540e-01
-4.851890219760685019e-01
-1.443171209215150963e+00
-1.724596563358537837e+00
-7.360903312481283933e-01
-9.975830910736431800e-01
-1.694060252390402033e+00
-3.127478206639160985e-01
1.135893815135716745e+00
-6.104458412453919181e-01
-6.973175736609524833e-01
2.533485833492374883e-01
7.420382631130526541e-01
2.518555302234454452e+00
3.317301122747054465e-01
1.139448985336386500e-01
9.853211260455738696e-01
-7.602299021971515858e-01
-4.025018599438356048e+00
-3.013962705922447416e+00
1.979463925601596008e+00
-3.537652407949325450e-01
-1.162726577623542923e+00
7.929766437968511772e-01
-1.363374929776253630e+00
-8.967640505981571142e-01
4.945714843188112608e-01
2.285318770995196758e+00
-2.608857202333842995e+00
2.291697547890784448e-01
-2.435659420040600320e+00
-4.801640437901034675e-01
1.141739210858957909e+00
-2.532131326367499380e-01
8.742616429700493796e-01
1.142172480584749295e+00
-4.425346693084726835e-01
1.866742563609345318e+00
-8.340977453127411678e-01
-9.323699404535902291e-01
1.373063219472532070e+00
-1.771443660020184829e+00
-2.968279118490521618e-02
7.704499802224197280e-01
-6.544204049883169949e-01
7.315434446011022107e-01
1.696780605488550087e-02
-6.600603736665878740e-01
-7.016403420390127099e-01
8.660192828425485878e-01
-7.161223254157583762e-02
-2.589726243436635822e-01
-6.624632576088521629e-01
-1.768977089937598723e+00
4.468066035647412226e-01
2.963971806418232990e-01
4.614375949633380269e-01
-2.358305796034228519e-01
-9.631583029410758501e-01
-1.090787604154253243e+00
7.506678014154506418e-01
-1.767502921363553137e+00
-8.219437936507713038e-01
-3.016598513566667306e-01
-3.485974471024645416e-01
2.794504106388616127e-01
-3.683874473997668375e-02
-1.123991563884173539e+00
-2.562572622130618871e-01
7.390147601380289144e-01
1.187986500389236477e+00
2.389925325128878786e+00
6.554084797327635048e-01
-1.033687838251866387e+00
-7.249169684003046177e-01
4.924027914438844356e-01
6.504984371549497046e-01
-5.445653402496968276e-01
-3.366101547686964901e-01
-5.803113042006561306e-01
-7.084467402857387297e-01
1.508882378206600539e+00
2.777254177937574231e-01
-3.258387852508969340e-01
-1.087063843966988408e+00
2.583422893169336487e-01
-9.750420588414514533e-01
2.412817431413918356e+00
-1.783342381302668311e+00
-1.207584982200284207e+00
-3.568945067480002731e-01
-6.183561774407035916e-01
-1.165477230344595272e+00
2.477182498083617124e-01
-6.809752447807436715e-01
1.041651861356792663e+00
-2.092636844127129692e+00
2.258480389577192771e+00
-5.867927086498517797e-01
-2.126322131433159568e-01
1.149225020805767716e+00
3.990990194829682758e-01
-4.960080265890700613e-01
1.506056660497641975e+00
-1.044001424992617499e+00
1.630523572608657545e+00
7.177647117261830578e-01
-4.633874547872363081e-02
-2.559983780952762356e+00
1.974914083226609218e+00
-1.705843651179409060e+00
2.804929954684285409e-01
-9.260571241582946644e-01
1.179559657749868595e+00
-2.985007253527028670e+00
-9.142913354766275535e-01
-4.631482641947315404e-01
1.720795038846798297e+00
-7.951599608654370543e-01
-1.528707004916018408e-01
-3.947673153849602934e-01
8.448232791059204771e-01
4.081909409715211989e-02
5.247757964611112769e-01
4.433053572342183224e-01
-2.564704098730643533e-01
-7.872318078334917812e-01
1.107838090972459444e+00
-3.977032697728315025e+00
-7.400336078456364319e-01
2.482786349247909641e-01
1.024878853983812732e+00
-1.515015314166068494e+00
-7.058561455425094167e-01
-1.871824879084510229e+00
1.555137610524998992e+00
-7.381457573935525929e-01
2.086630794065932604e-01
-1.568108925948419885e-01
-1.307774619999774846e+00
-2.786738918398263820e+00
2.670776227562232652e-01
-4.180935444439788373e-01
9.286970224870076951e-01
8.290560738052303869e-01
2.830429447141947108e+00
8.531484334413318438e-01
2.348612300972819700e+00
-5.916111462615663008e-01
-3.636060803230104721e+00
-6.913218147061760410e-01
3.365755486304302657e-01
-2.033173580355973342e-01
1.498899886862576691e+00
2.485811737690542811e-01
-3.074174112060866992e+00
-1.642952000905403054e+00
-1.993425386933841859e+00
3.423937405485097951e-01
5.854036719179934734e-01
-5.060016337353501203e-01
-9.371009090712658640e-01
-4.409375606790136848e-01
1.357381626931205565e+00
2.461603773314890553e+00
1.293255538325098319e+00
-5.342016390056590902e-01
-1.000828679380852959e+00
-9.295655757363092686e-01
-9.082816025805204863e-01
1.206333008774169269e+00
9.301697584866130963e-01
-9.508020274760963231e-01
8.706358396932569743e-01
2.041828132169289045e+00
1.058292409188896999e+00
6.241248827549910061e-01
4.026669035437273614e-01
-7.993564847863029454e-01
1.090584269879679491e+00
-1.004127252729603903e+00
-4.575224498757857750e-01
1.449388481205028611e+00
-3.635454637788643195e-01
-5.204652039506538763e-01
2.202644849022129758e+00
-2.232760686388220339e+00
