-1.072851568950688450e-01
-6.831515301578783284e-01
3.629541973987822079e-01
-3.445915263081180235e+00
-4.242104535102657614e-01
8.394566944808748432e-02
-2.441007484759279977e-01
-1.434083866149958642e+00
-1.136884743744116744e+00
-1.743789407310095463e+00
4.635397078642966018e-01
-1.642253851161462608e-01
2.316814152393612825e-01
-4.820298551282876098e-01
2.773047726396836443e-02
-7.510074173216905180e-01
-6.652148116905013397e-01
-2.324995030783553407e+00
8.050400126388188582e-01
1.712180475184033268e+00
1.107685340023310427e+00
1.123114102082613419e+00
-1.234818824110111679e+00
1.134562914753942220e+00
1.493143163487187675e+00
-1.536147390936493551e+00
-1.486725337076671760e+00
-2.147258499340613191e+00
5.123812745463186547e-01
-7.857255430987766243e-01
8.356953927253991665e-01
-6.001122090099336503e+00
7.250200688488115386e-01
-2.236877084525737969e-01
9.846819055970534862e-01
-1.258241217253508737e-01
2.436654003522585210e+00
3.171653606287722638e-01
-2.356498172579228889e+00
-1.449577451103494230e+00
1.690730141806212616e+00
1.034733200412693677e+00
4.255403477080496044e-01
1.981690731306476216e+00
-2.075760582318572300e+00
-1.866844637881938329e+00
3.158432145975385574e-01
-1.062028018847337441e+00
1.477787384647184787e-01
6.731975993793579693e-01
-3.694176121152278336e-01
3.868419280361148349e-01
-3.138619866591230601e+00
-7.067040131360107225e-01
6.521401455278046377e-01
1.521722877209034763e+00
4.330095765938167807e-01
2.219853296792284603e-01
2.925819276304511551e-01
1.409677507710379141e+00
2.430685227485128941e+00
2.514424755313376281e+00
2.752011138283494418e-02
1.655363584868530635e+00
2.640946966860965972e+00
7.396746455248034424e-01
7.895453030504745451e-01
-1.314870361159629963e+00
1.736390809418565384e-01
-8.323200390155246486e-01
2.401457497030603516e-01
5.116487640970777129e-01
3.808887304660651951e-01
-2.140222863527257768e+00
5.521974137105861935e+00
2.655922631701284065e-01
-1.355197255279752433e+00
8.022529106641956842e-01
1.067290942619256056e+00
2.238222028025606214e+00
1.175737831978609593e+00
1.808795485841796502e-01
7.204806330433016770e-01
1.716624535416363839e+00
1.665641775396638602e+00
8.042278623405025861e-01
3.342251562175500013e+00
5.453270110121335446e-01
-7.724335266145003764e-01
-2.562009005675996987e-01
9.376410973733374510e-01
1.700439854852131338e+00
-1.956329628615494087e+00
-9.544055138321125842e-01
-3.342009065843700721e+00
4.513511377526846502e+00
1.760467560396031250e-02
3.963569557401609877e+00
4.425782956354560760e+00
-1.146025107832566586e-01
2.264673178658780373e+00
-4.804851789748304292e+00
5.238873407973477780e-01
-3.113556888929452704e+00
1.332491660172113734e+00
-5.365787418488304761e-01
2.190440596525606576e-01
3.865533142786649612e-01
3.054733735434861375e-01
-2.819333208866368956e+00
3.648851532099249839e-01
-8.304826723399149069e-01
1.053201131382094591e+00
-7.864161451415918602e-01
1.105207189464282036e-01
1.079106485578394115e-01
7.051019224178375566e+00
1.792345940829199957e+00
-2.358764180442171288e+00
4.543141461486022159e-02
6.378905986619909374e-01
1.050590184387912629e+00
-9.137984807519621278e-01
-5.374950087075056615e-01
3.326563085494810501e+00
2.594418441493998362e+00
7.739230464441011481e-01
1.260627797636237890e+00
1.160861609458224031e+00
2.324414382236195564e+00
-2.651524999624962131e+00
-7.800840812416582892e-01
4.823654518596756646e-01
-2.435121204667276995e+00
-1.719481935391021787e-01
2.236469454407019608e+00
1.671921598772218687e+00
7.589670629846188010e-01
-1.012845039832804162e+00
-2.500482014653250928e+00
1.989138757295234317e-01
-1.097659481648283197e-02
7.309877629201987359e-01
-8.083119728630948631e-01
-1.024471019143412542e+00
-2.285477632251604607e+00
-1.415766881851659553e+00
2.057075073045981028e+00
-2.723057185198174412e-02
1.174634716412236601e+00
-1.808620116245531539e+00
3.173445420737776024e-01
-8.175689270926215224e-01
-2.087137387314391024e+00
2.157109511693394044e+00
-2.244871540111308406e-01
-5.156053305016023991e-01
5.575548747838760200e+00
8.707271061311773863e+00
3.119909519199990378e-01
-1.814304905822852199e+00
3.097912630707720938e-01
-3.850432041037719633e-01
-7.993141754911057273e-01
1.170768111912037668e+00
-7.975044982190536424e-02
3.865630782574878133e-01
-1.989434231360168059e+00
-3.344987213853330310e+00
4.351492439774546916e-01
7.808571812051232630e-01
-4.711702289446593750e-01
-6.271043496578244669e-01
-2.625496815137172923e+00
1.554525677249171789e+00
1.259448600186377165e+00
-2.248393006945258454e-01
-9.639773474753482452e-01
-1.168803973295051701e-01
-2.731487602772725953e+00
9.819898483934605959e-01
-1.365624804496483047e-01
1.347583144730891025e+00
1.664530315391506976e+00
-1.553779326051339504e+00
1.535679668731132042e+00
3.123457998298735661e-02
-6.081758492966720109e-01
-1.585399631959795386e+00
1.485706799512959808e+00
-4.746260428715972646e-01
5.797533685674255421e-02
9.084242839279784709e-01
4.855221551561766380e-01
-5.559165738327086492e-01
3.471442979483004843e-01
8.979430598937341301e-01
-7.255511299600868602e-01
5.429723891827379356e-01
-1.248967534215728592e-01
1.383605270850540636e+00
7.303993796144468975e-01
2.356523901935692056e-01
-1.772468075653343966e+00
-5.514946819608921302e-01
-1.012710307970865031e+00
-2.092879832864727785e+00
1.613122151098857149e+00
4.983904364807780762e-01
1.956140153843704432e+00
1.428586694829984793e+00
-2.169708019809026389e+00
-2.722709171317911903e-01
4.646124191992534458e-01
-1.147674101057715390e+00
-1.576666058731478248e+00
-7.078855417591016774e-01
4.240754551211153078e+00
-2.508598769795951977e+00
2.382234989431359029e+00
-1.793907055558431329e+00
-1.631579726955500131e+00
-1.409157667257711521e+00
8.347609285367236787e-01
-1.312546142444201092e+00
4.941471652924247060e+00
-1.034592698657650356e+00
1.139833992827652187e+00
4.349674075212102586e+00
-4.303437045969527031e-01
-1.357620525181574500e+00
1.392491755259593900e+00
1.684183435878694235e+00
-7.137894113526717099e-01
-7.869953263693509893e-01
-7.246936985766150308e-01
2.076740243854716450e+00
3.128214103859241479e+00
-6.256006012814320227e-01
-6.930915093219346124e-02
-1.684427341898880881e+00
1.428748690707811297e+00
-3.780372280686580266e-01
4.973558041932427898e+00
-1.010054104272658071e+00
-2.108023076537902107e-01
1.216801762045207402e+00
2.613560637524648733e+00
3.297129005123122347e+00
1.306209144815399403e+00
-5.144195218519505008e-01
1.900652924859684290e-01
-2.325307193901543501e-01
1.521956094053275255e+00
-4.147260855192723028e+00
2.088780954634646747e+00
-9.392460660846969622e-01
-3.580897912657326820e+00
1.199477788812037371e+00
-2.393321945778006665e-01
-7.663689645664010230e-01
1.412428298746400079e+00
2.430197062932378138e+00
5.270633222411666985e-01
3.613848462776715342e-01
