Best Solution: [-3.99344606e+00 -3.06090708e+00 -9.40574328e+00 -3.99459915e+00
  8.29644281e-01 -2.82849342e+00 -2.99157122e+00  3.57068591e+00
 -5.72100155e+00 -3.52653118e+00  1.53675452e+00 -3.35444027e+00
 -9.81275224e-01 -3.46639275e+00 -4.89504029e+00  5.58644027e-01
 -7.20183293e+00 -5.08054754e+00 -5.05679270e+00 -7.74505320e-01
  2.69466472e+00 -4.75588638e+00 -5.16394219e+00  2.14940179e+00
  1.04067684e+01  3.51667012e+00  1.67074939e+01 -5.95133625e+00
 -1.37572492e+00 -8.28710441e-01 -1.82911700e+00  1.05243754e+00
  4.04021154e+00  7.08431728e-01 -1.78049685e+00 -1.34743505e+00
 -2.69689182e+00  5.78796846e-01 -5.47505226e+00 -2.91473228e-01
  3.32449542e+00  2.33101124e+00 -9.84249006e-01  4.13466359e+00
  2.97749312e-01  1.49828307e+00 -2.81527322e+00  1.46867788e+00
 -1.05745244e+01  1.27138853e+00 -8.41991921e+00  4.36180410e+00
  1.42324704e-01 -4.08100404e+00  1.23853896e+00  1.99034207e+00
  2.15623001e+00  8.32518682e+00 -2.93626785e+00 -3.58954663e-01
 -3.55480245e+01  7.20323300e-02  4.22778176e+00 -5.20054941e+00
  4.48916672e-01 -1.37697332e+01 -6.25860794e+00  5.50391246e-01
  1.35469364e+00 -5.45721974e+00 -2.56364006e+00 -4.97574058e+00
  5.40561764e-01  8.30462827e-01  9.44115030e-01  3.92163615e+00
 -6.38292974e-01  2.36503207e-01  9.98997617e-01 -1.55079452e-01
  6.03875323e-01  6.14224488e+00 -2.25647084e+00  1.09773013e+00
  1.06896323e+00  6.16294554e+00 -1.22647200e+00 -1.89362195e+00
  6.45938640e-01  1.02425195e+00 -4.22675636e+00 -6.41339355e-01
 -4.78560198e+00 -1.59682661e+00 -1.87169409e+00  1.27543711e+00
 -2.22927670e+00  1.29941818e+00 -1.26065283e+00 -1.24740567e+00
 -2.92184144e-02 -2.26896753e+00  7.74218202e-01 -4.32373181e+00
  1.12488471e+00 -4.53744034e+00 -3.72562606e+00  7.09626768e+00
 -2.89451763e+00 -2.65783530e+00 -5.12085639e-01 -1.54238547e+00
 -2.74148120e-01 -1.77633547e+00 -4.65181576e-01  4.53515164e-01
  1.96962131e+00 -3.89171697e+00 -2.85005000e+00  1.83458557e+00
 -1.89632471e+00 -2.44950800e+00  1.49923870e+00  3.84618709e-01
 -1.00177123e+00 -2.38893595e-01  3.59255671e-01  1.22447734e+01
 -3.41159164e+00  4.49578655e-02 -4.97561377e+00 -4.48780982e+00
 -1.82519848e+00  8.17273928e-01 -1.54081554e+00 -5.43603699e-02
 -1.70796224e+00 -2.87726357e-02  1.47427902e+00  1.61163534e+00
 -5.18736965e+00  2.34406484e+00  1.64788419e+01  2.69817240e+00
 -1.22259371e+00 -3.97002601e+00 -1.51674121e+00 -2.47256488e+00
 -6.34375878e-01 -1.68171190e+00  2.20540326e+00  2.10717979e+00
  1.89691724e+00  1.57234329e+00 -3.97530839e-01 -3.85522756e+00
  1.67299887e+00 -5.15193665e+00  2.50438179e+00 -3.29229368e+00
 -4.56673507e+00  2.38443926e+00 -8.27421976e+00 -1.60766807e+00
  3.08602641e+00 -5.91501576e+00  3.02111929e-01  1.33642110e+00
 -8.10211361e+00 -3.55780912e+00  2.28029433e-01 -7.73268107e-01
 -3.17437190e+00 -8.65195059e+00 -4.72284753e+00 -7.78814878e-01
  2.61563148e+00  1.12986075e+00 -2.33380556e+01 -4.40218846e-01
  6.33373219e-01  9.63462653e-01  3.83677559e+00 -1.19630085e+00
  2.90506951e-01 -7.12605572e-02  6.67425534e-01 -4.51157108e+00
  6.56209276e-01 -6.09112219e+00  6.78054622e-01  2.07491008e-01
  3.97889365e+00  3.44476552e+00 -2.99113295e+00  3.11434443e-01
  4.94557308e+00  1.94638740e+00 -1.45071996e+01  4.98575715e+00
  2.22351054e+00 -4.23298090e-01 -1.00425128e+00 -1.58624549e+00
 -4.17194753e+00  9.07729735e-01 -7.40105821e+00  1.58868964e+00
 -5.31780753e-01  2.49616296e+00 -2.36011839e+00 -3.56568127e+00
  1.14818178e+00  1.35108410e+00  2.48606862e+00 -3.77555259e+00
  1.86371613e+00 -5.12622961e-01  1.98969206e-01  3.27920672e+00
 -1.57476308e-01 -2.44790488e+00  8.27548286e+00  7.55654838e-01
 -3.57695099e-01  2.01217090e+00 -4.71362671e+00  3.04333924e+00
  3.41596361e-01 -7.67462776e-01  8.21082826e+00  4.60863582e+00
  1.03770217e+01 -4.79808145e+00 -8.38957273e-01 -2.38335539e+00
  3.06602347e+00  9.03850686e-01 -1.21305372e+00 -4.62408461e+00
 -1.11570001e+00  8.02975016e+00 -2.19076908e+00  1.34872748e+00
 -3.12270956e+00 -1.59919575e+00 -1.74107839e+00  7.64948524e+00
 -2.07424025e+00 -3.41541973e+00  3.27415130e-01  2.04651261e-01
  6.61018415e-01  3.78155858e-01  9.85394189e-01 -2.57628160e-01
 -4.78061729e+00  7.78780179e-01  8.71157094e+00 -1.80231776e+00
  8.73361420e-01 -6.58926292e+00  6.15638100e-01 -2.78154965e+00
  2.01793462e+00]
Best Fitness: 94.702583
