Best Solution: [-3.57806831e-01 -4.59780117e-01  7.10873640e-01  3.15841929e-01
 -6.25950500e-01  8.50760554e-01  1.97320191e-01  6.57539555e-01
  5.80081852e-02  9.36197277e-01 -5.07204428e-01  1.60844202e+00
 -4.12265080e-01 -3.13431642e-01  2.55019896e+00 -5.66457330e-02
 -4.40148492e-01 -8.13261010e-01 -2.71504774e+00  1.50778414e+00
  5.25144938e-01  3.00114750e+00 -4.70510291e-01 -3.79034227e-01
 -7.78400903e-01 -7.05448107e+00  1.54968763e+00  4.10650061e-01
 -5.93540664e-01  6.59037906e-01 -7.07230384e-01 -1.65662745e+00
 -2.31852878e+00  1.36700625e-01 -9.07044379e-01  8.36819980e-01
 -5.16404501e-01  2.44398697e+00  1.13795716e-02  4.52673587e+00
  2.86341814e-02 -4.13867486e+00  9.71692882e-01  5.42276236e-01
 -7.53982399e-01  1.31209449e+00  2.58344939e+00  1.01895215e+00
 -9.36592900e-01  9.52946168e-01  9.77991537e-01  5.58494065e+00
  1.54433866e+00 -1.39610311e-01 -6.92364017e-01  7.78588376e-01
  6.40434514e-01  2.85403539e+00  4.65856394e-02 -6.49209730e-01
  1.53175951e+00  1.06580960e+00  1.08937240e+00 -6.59223410e-01
 -5.90972989e-01 -6.83391407e-01 -7.60114510e-01 -2.68779184e-01
 -3.52993122e+00 -8.69727127e-01  1.73056446e-01  1.25472835e+00
  7.71831647e-01  2.89011243e+00 -2.87057710e+00 -1.23298386e+00
 -1.54382928e-01  1.53666693e+00 -4.79760730e-01 -2.88776960e+00
 -1.72515296e+00 -1.13896692e+00 -1.16432281e+00 -2.34842801e+00
  4.20363402e-01 -4.56975935e-01 -9.92425620e-01 -7.33925601e-02
 -6.68004638e-01 -4.92347517e-01  2.38743189e+00 -7.97938699e-01
 -1.40082071e+00 -8.53270624e-01 -9.66974187e-01  2.11681431e+00
  2.18449228e-01  1.27128883e-02  1.38231317e+00  1.11433488e+00
 -1.48936021e+00  4.59410351e-01 -2.96769317e+00 -1.13004900e-01
  1.99285201e+00  4.50838667e-01 -5.40846345e-01  3.63352672e-01
 -5.06355127e-01 -4.02022500e-01  3.39208301e-02 -1.06487859e+00
 -9.37787422e-01  1.14366118e+00 -1.76265006e-02  2.05385848e-01
 -5.31588359e-02 -8.75782461e-02  1.29047474e+01  4.71187108e+00
 -1.14738389e+00 -2.27635461e+00  2.57452081e+00  1.86913869e+00
  5.36073436e-01  3.04697041e-01 -5.77145515e-01 -6.30198009e-01
  1.90645129e+00 -2.50665096e+00  1.01810372e+00  2.26108327e-01
  3.20972935e-01 -8.08570932e-01  2.00635308e-01  2.78677329e-01
 -2.50940788e-01 -4.34734366e-01 -4.30490850e+00  3.91217771e-01
 -1.08759814e+00 -1.77981080e-01 -1.61882965e-02  8.04790479e-01
  1.05713721e+00  2.95711514e-01 -1.13125347e+00 -1.10866954e+00
  2.56535151e+00 -2.18901962e-01 -4.54948524e-02  8.64975463e-01
 -1.12060588e+00 -2.58398700e+00 -1.16553851e+00 -1.10801263e+00
  1.69898909e-01  3.08471273e-01 -3.58119267e-01 -1.83983521e+00
 -9.86959398e-02 -1.15552613e+00  8.42037520e-01  6.41808069e-02
 -2.20495487e-01 -1.06661796e+00 -7.76760109e-01 -9.21496206e-01
  1.71819241e+00 -4.33803766e-01 -7.99253377e-01 -1.29316559e-02
  1.94323827e+00 -2.04492928e-02 -3.13926705e+00 -2.31875163e-01
 -3.28252006e-01 -1.08039790e+00  4.59520157e-01  9.07005609e-01
 -2.24180845e+00 -6.78592389e-01 -1.64367672e+00 -6.09698819e-02
  5.11182215e-01  1.35366358e+00 -5.45196954e-01  1.40134417e-01
  6.46592495e-02  4.20265438e-01  4.78177067e-01 -1.68449775e-01
 -4.47761803e-01 -4.31027053e-01  2.99031391e-01  1.16385210e+00
 -2.76289998e+00 -3.37917116e-01  5.13316832e-01 -1.22745443e+00
 -3.68108448e-01 -6.59665652e-01 -6.17873690e-01 -1.21297690e+00
  2.83798154e-01  1.79454107e-01 -1.35424910e+00  4.74698098e-03
 -3.38020524e+00 -9.56525466e+00 -1.92225140e-01  7.07769630e-01
  2.33142368e+00  1.34012845e+00  8.34580032e-01 -1.89341276e+00
 -5.22979542e-01 -1.28142853e+00 -5.04885819e-01 -5.39211940e-01
  8.19706779e-01 -1.13398742e+00 -4.47670242e-02  1.90250787e+00
 -1.97492047e+00 -1.46004394e+00 -1.63831249e+00 -2.14455857e+00
  1.81600728e+00  5.75568677e-01 -1.25339809e+00 -1.63228868e-01
 -1.62452275e-01 -1.43635400e-01 -3.11573940e-01 -6.30401330e-01
  2.14320381e+00  3.23758194e-01  1.96330363e-01  1.51594851e+00
 -6.79292479e-01 -2.02881882e+00  4.94565561e+00  2.72173765e+00
 -8.47739357e-01 -2.54874128e+00  2.23125598e+00 -3.03496577e-01
  8.74639694e-01 -6.24174823e+00  2.92575031e-01 -5.29831322e-01
 -5.32720214e-01 -2.80155977e-01 -7.06971235e-02 -1.41484963e+00
  6.27068504e-02  1.05750713e+00  3.88000059e-01 -3.08153395e-01
  1.01995932e+00 -1.12653555e+00 -2.07458212e-01 -4.93501142e-02
  7.91517063e-02]
Best Fitness: 52.465402
