Best Solution: [-4.31316515e+00  1.28463638e+00 -7.91057187e+00 -3.92607569e+00
  4.82447389e-01 -2.36962567e+00 -4.48129750e+00  3.41816025e+00
 -5.70244251e+00 -3.16096719e+00  6.30929603e-01 -3.07455842e+00
 -2.36819390e+00 -3.50077322e+00 -5.61961367e+00 -3.40597745e-01
 -6.62925217e+00 -4.51585620e+00 -5.70274445e+00 -1.96827860e+00
  2.13977527e+00 -5.20636486e+00 -5.03477255e+00  4.60290869e+00
  1.04692024e+01  3.11676530e+00  1.73885228e+01 -5.92121657e+00
 -5.23110289e-01 -2.89794078e+00 -1.48942833e+00  9.34115597e-01
  3.18507442e+00  9.08567670e-01 -2.27307561e+00 -1.58303018e+00
 -2.68440075e+00  9.30484457e-01 -5.24748956e+00  6.25112397e-03
  2.99352361e+00  2.01466536e+00 -8.01884475e-01  4.74780624e+00
  2.27470052e-01  3.29136826e-01 -2.77131276e+00  4.27773980e+00
 -1.07343335e+01  1.14563781e-01 -6.55807323e+00  3.92136494e+00
 -1.31714003e+00 -4.52786513e+00  2.05453637e+00  2.29257062e+00
  9.44159420e-01  6.67669294e+00 -1.64121081e+00  2.20737764e-01
 -3.45471415e+01 -7.98843710e-01  4.41346596e+00 -5.50948983e+00
  1.40771123e+00 -1.19951686e+01 -5.85619129e+00  3.44851145e+00
  3.50482494e-01 -4.16023415e+00 -2.53842906e+00 -4.65214026e+00
  3.41655610e+00  3.41002557e-01 -3.62502925e-01  5.42888386e+00
 -7.05291752e-01  1.05039786e+00  1.80564390e+00 -3.28542082e-01
 -5.35345949e-02  5.35514168e+00 -2.31892993e+00 -6.43411471e-01
  1.42165763e-01  7.31345408e+00 -1.89577199e+00 -2.00497557e+00
  1.05632133e+00  9.31788704e-01 -4.60291536e+00 -1.70333616e+00
 -3.33920722e+00 -1.42903276e+00 -1.93772780e+00  1.26844159e+00
 -1.97892596e+00  6.27826191e-01 -9.31481386e-01 -1.62734753e+00
  1.00072208e+00 -4.55931415e+00 -1.61816567e+00 -3.50293400e+00
  1.41773461e+00 -4.53990788e+00 -4.00586197e+00  4.01991058e+00
 -3.47105361e+00 -2.54646688e+00  1.88971038e+00 -6.60073859e-01
 -9.94566528e-02 -1.92528517e+00 -3.44362242e-01 -2.56538802e-01
  1.22402249e+00 -4.43317562e+00 -9.44887831e-01  2.36316637e+00
 -1.22791998e+00 -1.28884374e+00  1.33299461e+00  2.42377224e-01
 -4.71328195e-01  5.61705851e-01 -4.48509543e-02  1.23831127e+01
 -1.88275165e+00 -7.45160711e-01 -2.77661637e+00 -3.29513299e+00
 -1.74326518e+00  4.76237504e-01 -1.75872863e+00 -2.23814893e-01
 -1.51014095e+00  2.41279028e-01  1.63317246e+00  4.60002892e-02
 -6.17920958e+00  1.52070854e+00  1.87937529e+01  1.43182621e+00
 -3.84490290e-01 -5.63610201e+00 -1.67973102e+00 -4.29804078e+00
  1.64350375e-01 -4.02823996e+00  1.42515687e+00  2.83263425e+00
  2.76162955e+00  2.11729246e+00 -4.56087660e-01 -4.29765866e+00
  1.97772854e+00 -4.48885266e+00  2.40187183e+00 -4.49204451e+00
 -5.58851593e+00  2.67770336e+00 -8.61078867e+00 -1.16103967e-01
  1.62492947e+00 -4.14514604e+00  9.36465695e-01  6.73113270e-01
 -8.07296008e+00 -4.16207597e+00  2.04629435e+00 -9.46358764e-01
 -2.87311763e+00 -8.34979634e+00 -4.83414214e+00 -1.00839330e+00
  4.29775789e+00  7.70231519e-01 -2.46220021e+01  1.84821751e-01
  6.04935592e-01 -1.02694430e+00  4.33222214e+00 -1.08229966e+00
 -8.88521410e-02 -8.40049015e-01  1.05481404e+00 -5.00340083e+00
  2.72804393e-01 -1.17817914e+00  7.56744634e-01 -2.05470263e-01
  2.20447396e+00  3.30749830e+00 -4.32407843e+00  3.78999108e-01
  4.34727257e+00  2.14163924e+00 -1.30780576e+01  4.08421422e+00
  9.98964054e-01  2.40572196e-02 -5.90756886e-01 -8.74486548e-01
 -2.68794876e+00  3.75673344e-01 -7.28400019e+00  1.22258095e+00
  3.22939229e+00  1.20322570e+00 -2.22221934e+00 -3.29419596e+00
  6.53504182e-01  8.76707547e-01  2.80307554e+00 -4.76862113e+00
  3.56156263e+00 -9.27492042e+00  2.40342695e-01  3.46733147e+00
 -2.64389386e+00 -8.61190111e-01  8.48212166e+00  2.05178424e+00
 -1.22127713e-01  1.72231604e+00 -2.67199938e+00  3.07322378e+00
  4.49653393e-01 -1.11802851e+00  8.19236350e+00  4.71223857e+00
  9.60501206e+00 -2.71185569e+00 -3.84982996e-01 -6.25963179e-01
  2.89576089e+00 -5.44924603e+00 -2.32746539e+00 -4.96854149e+00
 -1.48640787e+00  4.81900047e+00  8.96252305e-01  9.19020467e-01
 -5.77737387e+00 -1.42030406e+00 -2.71804760e+00  7.78369288e+00
 -1.85245986e+00 -3.02861951e+00 -2.18398926e+00  2.38989651e+00
  4.20395358e-01 -1.64464412e-01  2.81346657e-01 -6.47972619e-01
 -4.75531536e+00  2.84117768e-01  9.72173166e+00 -1.59062111e+00
  5.40369764e-01 -6.65024416e+00  5.88066991e-01 -1.72049094e+00
  1.08486786e+00]
Best Fitness: 41.653027
