1.566744291416723778e+00
-1.645330524131328520e+00
-5.382099639343540520e-01
-3.020208410223384377e+00
-1.713430494856585717e+00
1.101453141545390424e-01
2.193574229511849882e-01
-2.641264482764290600e-01
-9.544184664919426186e-01
1.996396088842277594e+00
9.271824642175525710e-01
2.097454873194160019e+00
-2.439245640753997524e+00
1.158809339328563448e+00
8.775369548315532509e-01
-7.971123334558167794e-01
-2.272895471677634505e-01
1.028322626155950381e+00
4.377341190346624167e-01
6.458483424176619803e-02
2.620306302506087426e-01
-2.234747382413988515e-01
-2.956713224308451515e-01
-9.340577965017002882e-01
-1.023395279918969392e+00
-1.393395644703308012e-01
7.037200261466306506e-01
2.161741902584923380e+00
4.391383795439068316e-01
-1.002696176513323101e+00
-4.535150638850891092e-01
-1.078583268778974036e+00
-2.551772977337526171e+00
1.131721532751362114e+00
-1.219317711467003962e+00
-6.091001015761516868e-01
1.338368913792522763e+00
1.034414681792450219e+00
-6.037686386778093328e-02
-1.417880286148148761e-01
-7.900729582152208330e-01
6.286823779803546453e-01
6.650065030366997254e-01
4.312350692050780365e-01
1.055282281965943092e+00
4.688759655562230733e-01
7.655719201600377222e-01
-1.541012684860090520e-01
-3.431707931707300707e-01
-2.553641945569005700e-01
-8.844559354143222141e-01
-3.187274101757096023e-01
-7.850472993552183310e-01
1.537847221175842494e+00
3.468347657998969158e-01
5.201455081318621110e-01
4.857025756786299553e-01
8.382180203006476260e-01
1.068539250259161077e+00
-1.857762502839812591e-01
-6.174535761700827852e-01
-1.035001583521156343e+00
-2.373700076960553407e+00
8.554662807040031014e-01
1.348337809506124030e+00
-1.941546681243713657e+00
-4.959210179417124498e-01
-8.506987713163747244e-01
2.929413865129044670e-01
-2.247324326538162609e+00
1.535745191827145029e-01
-8.775595900875848843e-02
7.268392162027835779e-01
-1.648352539663541449e+00
1.684684260912525433e+00
2.172670319197668454e-01
4.095168218777904379e+00
-1.075062896379054500e+00
1.846643459080625771e+00
2.105679039085424920e-01
3.818762346803256769e+00
-7.998161520819300208e-01
-2.688708519960911758e-01
-3.916776413424304937e-01
-3.791263337980719794e-01
-2.663510312006529546e-01
-2.359714847088678180e+00
-4.719808501918839050e-01
6.504025527208017188e-01
-1.168835116362872517e+00
-1.131781968971979691e+00
-4.538490108285227365e+00
-1.198396959647162752e-01
6.531702216230479419e-01
-1.967516278558973708e+00
-7.196779985995575002e-01
1.729012331491539545e+00
-5.870819636274667852e-01
9.280033158400520232e-01
1.551010186958301063e+00
-2.582333264336732215e-02
-9.371874110260679236e-02
-8.710879315930933897e-01
-2.634801742351150500e-01
2.366094184142935930e+00
1.044151503736241160e-01
-9.544651566003795606e-01
-5.028552890412084642e-01
-8.523098157448544265e-01
-1.079009521453859310e+00
-1.019298522748573577e+00
1.960307101088658299e-01
1.503930559760925822e+00
-2.350638500428948507e+00
2.843505533165285204e+00
-9.188986033890979011e-01
-4.466247573409319327e-01
1.086473524321728945e+00
1.256987645330084558e+00
-1.936279403213042372e+00
-7.057979987748805861e-01
-1.016969577743693370e-01
1.025195301654358460e+00
1.139275527257543441e+00
7.863405615106827673e-01
-2.074418007827339983e-01
7.323330515954326048e-01
7.336627442254566311e-01
2.471525277653776609e+00
1.347289550615929477e+00
-1.652405724328789849e-01
4.074571220249119996e+00
6.237951079126324849e-02
-8.908249870852984476e-01
2.548685456024310625e+00
9.363500002744656880e-02
-4.161744962451400798e-01
4.104611140176960271e-01
5.254056305801528826e-01
-2.117941119984013409e-01
1.390122616899054087e-01
1.166737784147461987e+00
-3.016567061991453635e-01
-3.071032763577761227e+00
1.883715137500045378e+00
8.727889581636032457e-01
1.140778942759561154e+00
-1.032172131679656157e-01
3.613013784481295509e+00
-1.722701936478840734e+00
1.503614336677323138e+00
1.999536790958045485e+00
-5.681248438607652829e-02
9.742887311156232799e-02
-2.100166004052378632e+00
-1.838776971117426662e+00
8.273349700471150925e-01
-1.105445599497948267e-01
-1.191515910192692540e-01
-1.485816108776401023e+00
-6.204171925719275116e-01
2.300312611524732542e+00
-8.275119471361476187e-01
5.211084484457209065e-01
1.352378674794003088e-01
-1.345417495028868649e+00
5.294735498521577766e-01
9.548791526289659437e-01
5.729599172345277713e-01
7.442239742255333246e-01
-1.255426738329983749e+00
-1.043338952614201315e-01
-5.775860167161084302e-01
-3.687897988148995387e-01
5.049329025121080949e-01
2.601548679141845177e-01
-4.525866543724511359e+00
1.086426262968541057e+00
-4.915776860994530706e-01
-5.122778001067505027e-01
-2.658515716758476088e-01
-2.898283666876196651e+00
-1.670310188695044218e+00
-4.962191776009646782e-01
1.621986994549213246e-01
1.205702727073381331e+00
-2.257713457551127956e+00
2.309996609452735772e+00
-2.147424424227957207e+00
-3.390233813636733262e-01
-3.685994050869091154e+00
9.533728663162405192e-01
7.956276090614384788e-01
1.347163418696404769e+00
1.007993222818118900e-01
1.119279630290245908e+00
-1.079048579517803530e+00
-3.598132985253563731e-01
-6.223314864215618858e-01
1.098812423787854708e+00
-3.838708345438470282e+00
1.101912062313770813e+00
1.724032318430129829e+00
-2.818478548351369128e-02
-1.705087524181476466e+00
-4.066581743164165985e+00
9.052041211948961275e-01
-5.391059752841362851e-01
8.672076355671204384e-01
-1.960144767487468631e-01
-9.558440235725024214e-01
1.036334140270364745e+00
2.508528592393934331e-01
4.407237844593295262e-01
1.173391997752739613e-01
2.696010221111520000e+00
1.964678993772914550e+00
-1.448258968725727236e+00
-8.496366121303222663e-01
3.635962720952012894e-01
8.601174407897149710e-01
1.307734760083695935e+00
5.324599753523536622e-02
3.039968276518051127e+00
-1.444234354694399869e+00
-5.339304969347301588e-01
9.915411557763267325e-01
-6.404689160678350701e-01
-7.941514684444017647e-01
3.360129432530933324e-01
-3.107510044329469534e-01
5.631725049042682896e-01
-4.409962445416422128e-01
1.415368232486237554e+00
-6.714947884400110922e-01
-2.023873965218669024e+00
-6.171178099312968346e-01
-2.407523556629747874e-01
1.212208898094821130e+00
1.044482318755507011e+00
2.464185309042329131e+00
7.063953304736009242e-01
-4.757171425727654140e-02
3.343303417917646847e-01
2.841121306366406696e+00
2.822711445376940631e+00
1.657269073795801351e+00
5.655005776100126003e-01
9.815040145876170463e-01
1.141841911130787146e+00
-2.371305860033410262e+00
-2.842490522883125981e-01
-1.228433983362471615e-02
3.605173840061431378e-01
-8.109450200849178947e-02
1.611324740703138136e+00
2.335727970993110580e-01
1.593081403435105736e+00
1.924928788812798164e+00
-1.949918882201021164e+00
-1.746949904533151576e-01
-8.445138353411996146e-01
5.949778572689429224e-01
3.329400348173733315e-02
1.809867543592846184e+00
