-1.528504225566402752e+00
1.492750650630168541e-01
-1.704035134258396367e+00
-1.219851809034141255e+00
1.055908680208790917e+00
1.467159915310552343e+00
-1.607727750677169443e+00
-2.297873503871094236e+00
1.659274775229929499e+00
2.362026603950232229e+00
1.578737697067958745e+00
2.016409393383428394e+00
1.309964861777680012e+00
1.364742777070430568e+00
-4.888198585320991940e-01
-3.981078455676443917e-01
-2.048836788091624062e+00
4.011540520859698811e-01
-1.189257380218601279e+00
6.550717283773344057e-01
-1.135509096741138979e+00
9.247312316291393941e-01
-8.990663259207548608e-01
1.612847748914400192e+00
-1.182570732498458899e+00
1.466135989625549696e+00
1.843589798755925324e+00
1.136763413496586272e+00
-4.870310847245246100e-01
-4.083649685839472188e-01
5.845782763728128995e-01
2.973539050794813537e-03
4.431782000704821423e-01
-2.826765371983376074e+00
-9.474138682664041688e-01
1.983859805890911154e+00
2.789241345718221909e-01
3.543376533109706905e+00
5.920001145526733177e-01
-5.681496142846259589e-02
-4.867212945225569687e-01
-4.681050290756637589e-01
-7.967303733695983992e-01
4.194649625219398215e-01
3.032396941422332404e+00
7.028842242953958763e-01
-9.337531514717661851e-01
2.999901839765861222e+00
3.943477421994452392e-01
2.990435167837613428e-01
-2.506408738234598310e+00
-1.113729635489255188e+00
-9.843284986849242246e-01
-8.757938777301539357e-01
-3.925531018961039731e+00
1.661120091180255276e+00
9.450239173355234890e-01
4.233046582211131836e-01
4.680516993320579799e-01
-4.114460418750616744e-01
1.281284155423049187e+00
-2.710905593834451732e+00
-1.686763132362340212e+00
7.278836087012987566e-01
-1.070101290285404433e-01
-4.044568069576190972e+00
2.105038924555248381e-02
1.256470604359905652e+00
-9.864917525051135339e-02
1.366082735883475507e+00
3.856974330756764990e-01
-2.562370209506841690e+00
4.331773598322266494e+00
-3.785917097429799538e-01
-1.295831982216310241e+00
9.707668575551157142e-01
2.265691014168244699e+00
-2.205317714376634208e-01
-1.576980140476353709e+00
-2.014889882172184787e+00
-5.003371336316588813e-01
-1.513979584538350798e+00
9.522168476428876094e-01
1.033514033787953146e+00
-8.170516168750121544e-01
3.792589192474049131e+00
-6.879060525995295272e-01
6.929599165578919084e-01
8.393389092713573474e-01
-2.764012440859721753e+00
1.459110624841833737e+00
-2.646500063435612837e-01
2.224505412049738950e+00
-9.218207630702006661e-01
-9.679715891184421661e-01
1.718865554757474656e-01
9.552871507275277896e-01
-3.471412045652197076e+00
4.830943485803713133e-01
1.064592568083161384e+00
-1.188170042620827260e+00
-1.471921476669073581e+00
1.441128790522726577e+00
7.047188273400677438e-01
3.386169974857206721e+00
4.185749328361247024e+00
1.693315422648401736e+00
1.456561202084844631e+00
5.065654091019647920e-01
-1.200271988931639111e+00
-2.314457636330960799e+00
4.596411996125190358e-01
3.648243875784271228e+00
1.308452672113771920e+00
-1.018922455014082740e+00
-8.040965026438650076e-01
8.608039172087149637e-01
-2.851037735582969912e+00
1.670527552755115552e+00
-1.318020482896371970e+00
4.631408615270017570e+00
1.004073044903594503e-01
-1.742361268780792116e+00
-2.664706302938917859e-01
2.316469672879861719e+00
-3.028561919573367067e-01
-1.768909318959155375e+00
-2.360670089049049514e-01
8.045175087861975438e-01
2.917809296016143361e-01
2.842700250906422532e-01
1.129764132108440844e+00
-1.109579675817110589e+00
-5.984671309236047065e-01
1.092667390500306146e+00
-4.118237031468672260e-01
3.660403625520594062e+00
-2.415069988062059192e+00
3.001564709920431007e+00
-4.445366642703080795e-01
-2.772643633510329497e+00
-1.109212364783876303e+00
-8.814492007666536733e-01
-3.097563123848222078e-01
-1.360441176916934003e+00
-2.017733296601473547e-01
6.520944996348205791e-01
2.123469418396856767e+00
1.616530859416848376e+00
3.751727170160193747e+00
-1.496242239943750940e+00
-1.398226363065767419e+00
5.186066032554565997e-01
1.155607588836359945e+00
6.020850885344775083e-01
-2.342209454917349998e-01
-3.238943036890949756e+00
1.884868739427486561e+00
7.688582034298775403e-01
-1.622644019701098950e+00
-1.978421961434225773e+00
3.990653286026837776e+00
6.252643067446809200e-01
-9.459517621600921355e-01
-4.039888753409145217e+00
5.797622150213390668e-01
5.075611175325073887e+00
1.428397492838782590e+00
3.173316738377705559e-01
-2.668473102383460915e+00
-1.195740275578930506e-01
1.163135986974226599e+00
-1.975847714188191162e+00
1.651992362726017571e+00
-8.182864004203409536e-01
2.074643835072375264e+00
-1.704973859599219210e+00
-1.486699967391176713e+00
1.372364983343795641e+00
-4.362149465030301876e+00
-3.827537236162570800e+00
5.519924530565616383e-01
-4.402814224862915959e-01
-9.171489846242599775e-01
1.568066157809751004e-01
-1.800232845766764900e+00
-5.509196587488114361e-01
-8.129314717107968269e-01
-1.816008088646427598e+00
5.932436172321078338e-01
-4.650465326414267575e-01
1.345297667793384555e+00
1.333472285959099946e+00
-1.388749288804141280e+00
1.013678930804355449e+00
-9.495147013902175415e-01
-2.146158891544290570e-02
1.218512138916036491e+00
1.782174982895613713e+00
6.732794532881933303e-02
2.253825011578631354e+00
1.845455791060488071e+00
9.452333757153087435e-01
-3.103206405273895019e-01
-1.010265407118522418e+00
-9.511261547526865812e-01
1.759742923295896988e+00
1.227468585821474667e+00
1.809158161617614002e+00
1.563429170109409183e+00
-1.648622781859337749e+00
-1.585972123576022241e+00
2.282875236416646914e+00
1.270160561963399548e+00
1.147720225612627876e-02
2.198263528488522578e+00
2.765697895392521755e+00
-9.780330699467119082e-01
5.899291961559632869e-01
1.056190853397591445e+00
-1.199006637225651373e+00
-1.680331655329815765e+00
1.844538012868126131e+00
-2.719519093989398728e-01
2.090830169702620367e+00
1.605167705924841037e+00
-4.336478017442694788e-01
-1.676735449557347435e+00
2.153722365157328955e+00
-1.916191143129299057e+00
4.465038751516275939e-01
-2.235207521882926152e+00
3.330440447210933352e-01
-1.320668263019207367e-01
2.987720174663721640e-01
1.303956940708453360e-02
-2.714638873206226322e+00
1.865828633513860746e-01
2.788310716679817780e+00
-7.807420372519063845e-01
1.696141297934699699e+00
4.349008720281123175e+00
-2.104393326774821604e-01
-3.027306196919798076e+00
-8.765379954210953395e-01
6.527973561045076201e-01
-1.031262328184674892e+00
-8.974000892015820963e-01
1.482419026158678488e+00
4.478249947070342962e-01
-1.871820344663372437e-01
-2.584359281629914573e+00
1.025669909884408537e-01
1.990040735209706257e+00
-1.219314651785577519e+00
-2.703968946015155250e+00
1.067125371591669314e+00
1.681984487062680028e-02
5.004430385063014519e-01
9.468050577469526718e-01
3.733914537251712407e-01
1.244947646135135866e+00
1.331285799383966184e+00
-5.637923587346949095e-01
1.013670067736962777e+00
