-8.022966158294884131e-01
8.542618180717536092e-01
-1.092538575154979208e+00
1.283037865347754769e-01
1.104763744091250333e+00
8.999448789329816956e-01
-1.528495135587911058e+00
-7.858496560934030706e-01
-1.399333830879261997e+00
-3.078428674462626580e-01
-1.367971846950135351e-01
3.141482948321882018e-01
3.481129960120038502e-02
-4.928536488962033668e-01
-1.040542069245268708e+00
-1.797222486849963108e+00
-3.342789197412090907e+00
-1.972385059191282153e+00
-2.043344177198410883e+00
-6.551837223984475767e-01
6.393652421994339141e-02
1.734059171662623022e+00
1.727478173195558409e+00
-2.375495548294674630e-01
-4.566556091526767502e-02
6.651883464531750390e-01
4.430268739023602298e-01
-1.777912011079572974e+00
-6.352554570318807992e-01
-8.725961935298418015e-02
-9.235859603324951816e-01
-5.442814428381631542e-02
3.927201242853599616e-01
5.788940190038841527e-01
-8.879537055580563054e-01
-1.842696040873555541e+00
3.264895651801559828e-01
-6.651903511193495155e-02
7.275969389088945416e-01
-2.145218899346114649e-01
1.374207592296703861e+00
-1.850219481050020542e-01
-1.900445573227154350e+00
-2.565206343063340388e-01
5.681940189319059087e-01
-4.723986090127488824e-01
-3.926602708825842614e-01
2.088114668555766107e-01
1.061642314876176219e+00
-6.704043753232591385e-01
8.666152947560046282e-01
-1.539679266853442252e+00
-7.889871728025883435e-01
1.032296237039679543e+00
-8.942330697785270122e-01
1.585890252766972930e+00
-6.984735297566242451e-01
9.476605832063270674e-01
-1.747595279850193473e+00
1.227414544400201146e+00
-4.430792813572020927e-02
-1.462407371025512548e+00
1.343170680100010284e+00
-4.610752860774980366e-01
2.662054518952271298e+00
-1.276775152816346015e+00
-1.121295148477863712e+00
1.223234509650980684e+00
8.174821309190193341e-01
-1.087831563978343574e+00
-1.509698835295424368e+00
1.315366263919379941e+00
-2.047725990711046773e-02
-3.107323138276137708e+00
5.144516515018128233e-01
-1.368868030830032723e+00
4.759520309344285049e-01
-1.736852999445555878e-01
-1.562499554493004705e+00
-9.831659276250050150e-03
4.039942520819357896e-01
-1.021179478740756874e+00
5.304276147871679337e-01
-4.772223174963577952e-01
-2.732085886376253714e-01
-1.800657448949505302e-01
-8.024931612511291279e-01
1.059702867162647666e-01
-1.096179976938371908e-01
3.639967869963544461e-02
1.583753535191257056e+00
2.556140516170332777e+00
-3.920262849145552120e-01
-1.196901957162079366e+00
9.221757149967797496e-01
2.087604775570674143e+00
-1.784382572666182443e-01
-6.926683228751602250e-01
6.676216258942407888e-02
-3.287430529797472190e+00
1.808829974215428571e+00
1.802331941437222085e+00
1.049803156496517564e+00
9.513398932699553834e-01
-2.696846918165235252e+00
4.127059701291066474e-02
3.747362010284351064e-02
2.220786840353652369e+00
1.202096004121585349e+00
1.561463769539811475e-02
-9.290064999554764613e-01
-2.033677656632132402e-02
2.661214970755589743e-02
1.198692512187741865e+00
8.151529026119555543e-02
-2.271290562879202946e-01
-1.202952701728320140e+00
-7.419356276490638447e-01
-1.494208385326676103e+00
1.813193622739202593e-01
-3.618099513916891441e-01
5.712806558373271226e-01
7.367209940920691480e-01
2.233999716627040055e-02
8.684640729965814598e-01
5.659158887357328416e-01
-4.250383258010947962e-01
-1.453930640850033429e+00
1.342176947762104278e-01
-2.021400298967997333e+00
5.322579598865877504e-01
1.316032620630403216e-01
-2.171403035055927133e-01
8.597736595900824508e-01
5.652196876020755267e-01
-3.011619055454275440e-01
1.289709340610950827e-01
-7.683161609905533318e-01
-6.850503536693751672e-01
-5.243269716576425266e-01
-2.640467582956754211e-01
-4.549706037336053721e-01
-8.448347220976774041e-01
-2.368834465874032347e-01
1.068116856594250486e+00
-2.037183166056170114e-01
1.878683214463209961e+00
-1.119530494136216303e+00
1.137867283705519039e+00
8.114826260614086406e-01
6.628903200262847850e-01
-1.896933041074147841e+00
4.890290636442412575e-02
2.048954930446861555e-01
4.092298783063541556e-01
-1.120894919691843405e+00
1.889278624232261228e-01
-7.807952517083647237e-01
3.380778226778636819e-01
2.026914601624758117e+00
2.111076532275930062e-01
1.900728975934161902e+00
9.516077625178691324e-02
2.283434777503697277e-01
5.845879511866278744e-01
8.125866457306741841e-01
-8.024798477633037219e-01
1.772617691275595320e+00
-2.479694484198713411e-04
-1.879778566826626918e+00
-2.964775534367148913e-01
2.724658425726211308e-01
-5.426091887805208902e-01
1.967268523313076001e+00
-4.957642739319368941e-01
1.328358503661736911e+00
2.852218627760577885e+00
1.039525926874696471e-01
5.382130912437573800e-01
1.631713928057883178e+00
1.769473198500259858e+00
1.138191439960764439e+00
4.943435929652040262e-01
-4.348863538480149948e-01
1.957627418100807981e-01
-1.904305843097152007e+00
1.914593571352419588e+00
-2.405122105316605641e+00
1.437044717443147324e+00
2.086099043262831798e-02
8.247768997168267724e-01
-5.477098653123285699e-01
-8.322363373047350632e-02
1.144296878162884390e+00
9.430878260780730660e-01
7.822448973009650253e-01
-1.458643186544068548e-01
1.350539749065637007e+00
-4.713334308542553308e-01
4.536220624444889937e-01
5.657003930606608888e-01
7.027606795277071550e-01
-7.822932624665628332e-01
-1.495281825547775667e-02
5.301961631729338320e-01
6.845410667139144589e-01
1.193418991212335634e+00
6.247649503894807665e-01
-1.356040934010662724e+00
-4.613064657873584551e-01
2.017993848833951276e+00
-2.654739882883879187e-01
1.658289772564677467e+00
1.454692924578737889e+00
-1.504875092225486988e+00
4.098455498233191108e-01
-5.533880461560961583e-01
8.444894995800868998e-01
1.151642793384026309e+00
-1.116518458873723585e+00
-6.762618437152738693e-01
9.310804470377840314e-01
-8.627086435929038899e-01
-1.382632290125264118e+00
9.110626691144800837e-01
1.997069755932090185e-01
-4.791915377154443156e+00
-3.065471497750161811e-01
1.319923550976863869e+00
-4.999469266364497955e-01
-2.794975402633942951e-01
-8.107322580403125700e-02
2.212568387481418153e+00
1.071607398779069520e+00
2.477753263311897047e-01
-1.554952373456493842e+00
1.728142490375236484e+00
1.457755006820793398e+00
2.859856290267302481e-01
5.188389323339095416e-01
-1.247612929139759519e+00
7.063957943916254756e-02
3.129232812569635036e-02
-2.440957373243960449e-01
-7.858685084478722604e-01
-8.368148776330096572e-01
-2.065870492618650522e-01
-2.652419987906057930e+00
9.052785895449216858e-01
-1.026711220747640985e+00
8.106175174326045729e-01
2.650179211671606083e-01
1.725100276336209160e-01
7.027477748350856590e-01
1.390494711987622367e-01
2.642405842341163158e+00
-1.223448522695996354e+00
-1.069149128958205991e-01
-2.430600582931198295e-01
8.567935611531927176e-01
6.928369611905975667e-01
-2.067929557976670552e+00
-8.854163133057699753e-01
1.688320094996531795e+00
-1.177347699652773194e+00
