8.084692849315953111e-01
9.739717123423518030e-01
1.752313119356921911e-01
-5.331712042162599641e-01
2.510901486358527168e-01
4.793495853797659079e-01
1.218576655331975456e+00
1.853445034930860380e-01
-3.376833182807459921e-01
-8.395002155441071423e-01
1.902664665707604952e+00
1.856618439331593207e-01
3.676197250931884097e-01
-4.682042725017609430e-01
-1.364112363021966701e+00
-8.959343236879978578e-01
-1.776462189214413234e+00
9.642537489545002227e-01
-1.102708789845974424e+00
-8.636389775107793376e-01
-8.207848635532857262e-01
-1.265382425637318509e+00
-2.023499876227031979e+00
-8.751466794717382980e-01
-2.417567050274251006e+00
1.108202309515208039e+00
1.107702604661737755e+00
-1.000007830587431368e+00
-7.442886809564348560e-01
4.441351076728012326e-01
9.303325140148216432e-02
-1.965371962438214215e+00
5.150287526011432249e-03
1.712152473771172634e+00
1.029215316042769862e-01
6.716756416028534238e-01
-1.566651117121652170e+00
-2.201146598749570138e-01
6.593070656448526967e-02
7.616665684932097946e-01
-1.972650007129850280e+00
5.380990563005373373e-01
7.183269110198992058e-01
2.683256518905950960e-01
1.199564597716023640e+00
-8.787566230587127158e-01
2.279960778665739152e-01
1.659419682600611345e-01
-1.100912744464849213e+00
1.118586150712861660e-01
1.348313598481456210e-01
4.841996159668876532e-01
1.720825576709090310e+00
3.406982036742269293e-01
2.336105171295589145e+00
2.077184983663779017e-01
-1.627949241772607136e+00
4.602636340645802626e-01
-8.104917690605364933e-02
3.694316584080271082e-01
-8.396163244113072910e-01
-2.148043605338090245e-02
-9.505073253220870377e-01
-8.690156018223607615e-03
-1.162681070506395908e+00
-1.784914054739655143e+00
-7.083131283350001528e-01
4.725256386047745893e-01
1.455916427414800374e-01
8.563566188466482654e-01
-3.430181414784138072e-01
3.738320073809278110e-01
-4.071573642206779975e-01
-2.032858525085307289e+00
1.178598207802583842e+00
9.019106920064090538e-01
-7.919512523863709852e-01
1.248613655816114054e+00
1.122975653233900362e+00
3.393539708028391055e-02
6.539492348216108253e-01
1.328536935750393555e+00
-7.283937077081791278e-01
-1.292742781153463361e-01
-1.536183699648746348e+00
-7.974408105397366997e-01
-1.568981486039030759e+00
-9.419922310389635678e-01
-5.494648914117300498e-01
-2.213767802229424375e-01
2.671360674091259879e-01
-5.345839027052337045e-01
6.599681245841654276e-01
-6.971480855653962305e-02
1.628450176845100739e+00
-3.543544663075657297e-01
1.036046135238004595e-01
1.928537653001324848e-02
-4.089172634302438714e-01
-1.196418438740447066e+00
-2.463135367696074052e-01
-5.443107384981288321e-01
4.500939853016010517e-01
8.284236082392367750e-01
-5.249449321984430705e-01
-7.023883321459689633e-01
-4.919343464260802490e-01
-2.974026525028271029e-01
2.113841135158768481e+00
4.146338565148643962e-01
-1.338776652834633429e-01
1.235663593919462400e-01
1.178299166929737130e-01
4.273661560223958045e-01
2.283426578657880568e-01
-2.800504040320818122e-01
4.338131743229361459e-01
7.555656238393427815e-01
3.965199908021069253e-02
4.550704126335735622e-01
1.014781607578129519e+00
7.886978841263872497e-02
-8.904806324476277624e-01
-3.304999727502774820e-02
-2.832344576661494778e-02
1.403167738130294051e+00
-2.438156563717916114e+00
7.906955607970225230e-01
2.107313687172285288e-02
1.766460285845543599e-01
-5.025240799204919728e-01
3.584271360341718116e-01
1.792276119094777243e-01
-1.577098077345210569e+00
8.577735876268700876e-02
-5.660945788836847792e-02
-1.307386956109940712e+00
5.231817893505050776e-01
5.113051511218716927e-01
-4.761741853711992101e-01
6.939533137164710652e-01
1.201064428535212336e+00
-3.743639641778079841e-01
1.749110785584083061e+00
8.016542895442844152e-01
-1.610972168483195688e+00
2.615376939717576343e-01
-1.057934502157037993e-01
-4.997301980993781312e-01
-1.534329437269948970e+00
1.038869728913231372e+00
2.486943365208032830e+00
3.469422949583590432e-01
-5.672662659467211932e-02
7.458072162444349118e-01
1.020651148077825754e+00
-5.359548613856089661e-02
-3.372374222841151292e-01
-1.510053767731677654e+00
1.188405675311682952e+00
-1.411437938117239055e+00
1.139395003603675072e+00
7.908425187324836791e-01
6.345910170847881560e-01
-1.099652367671005049e+00
-1.395753584954985360e+00
9.987788488734435921e-01
-5.957713504826599449e-01
-7.267197895203127977e-01
1.076823820046200808e+00
1.602630614513268770e-01
-3.798527496473815823e-01
-1.168759889183471068e-01
-8.681155575568610949e-02
-3.878190551915148276e-01
8.096988008690026994e-01
2.259197268811421466e+00
2.700029077724378501e-01
-3.138865787548977271e-01
-7.717906227237526784e-02
1.976017979109091216e-01
-1.794699166732072859e+00
9.978639432645828311e-01
-2.036696098454700898e+00
3.447809157993732554e-01
4.855848826875935886e-01
7.366443858820423962e-01
2.193193490372159216e-01
-4.070696275263965269e-01
3.196190550730876878e-01
1.081916100234726397e+00
-1.195073606000459643e-01
-2.121189291302471858e-01
-2.036339618767609716e-01
1.109846743264093494e+00
2.722138919027333737e-01
-9.916370725418031107e-01
7.538227356437338100e-02
1.168774000001038260e+00
6.701966053411457791e-01
-2.968531110573484622e-01
1.742475015087248558e+00
-1.165462942935593382e-01
7.941475697366083830e-01
-8.752153448099722066e-01
-7.068524802573364907e-01
-1.332855946884318188e+00
-1.170464036587542667e-01
5.934952804385450476e-01
5.939653252750883849e-01
5.681449145176804549e-01
-1.046047285941540839e+00
-1.099526966460944583e-01
1.448437797835341101e+00
-3.530621645376336160e-01
-2.694142402347767251e-01
9.171799526256864121e-01
-1.785525364741936905e+00
1.997695558142202454e+00
1.151448330972202116e+00
-4.510454001273809244e-01
-2.995011094510533489e-01
7.608812908295419231e-01
-1.284796765327200330e+00
1.834099236804206667e-01
6.963104235721279123e-01
1.584892743254647240e-01
8.889281040421225244e-01
9.299851753061881832e-01
-2.154519809505210493e+00
5.938395534471025972e-01
2.655251267325466458e+00
1.272787517248520572e+00
-7.164311627733637167e-01
9.965291596811328700e-01
4.364192234149880667e-01
9.207910457917296565e-01
1.694621594403255882e+00
-2.663157935519509106e-02
-6.717576041765734862e-01
2.212053686407066955e-01
1.790274607519901418e+00
5.676792182905662787e-03
-1.241164426602588688e-01
3.034882658767573127e-01
1.738713115736701953e+00
-2.191793454144186803e+00
1.081235076022057651e-01
-3.393089443502622649e-01
-1.861565200042088142e+00
-9.942363085358461028e-01
-5.329920375269282529e-01
2.829635179567747905e+00
-1.333617084409481457e+00
-6.403289146971062884e-01
4.365763160862690118e-02
-9.501077244421837764e-02
3.355800398408252394e-01
-8.970501022848355321e-02
1.456828053996461758e+00
-3.404373620084952812e-01
2.927248291277965153e-01
1.308490798005851774e+00
9.369503788224110563e-01
-6.850026422311514263e-02
