9.125356485326110434e-01
7.468545107851862763e-01
-2.494867447000435057e+00
3.603219542075641879e-01
-9.353216118517105881e-01
-1.473123105650293363e+00
1.030331012896623516e-01
-6.861775826928548927e-01
-4.074052626096869023e-01
-1.316748675550081904e+00
8.567631229597387765e-01
2.367857505935102136e+00
-2.400753913396484474e-01
1.610654238727795340e+00
4.056364491353133817e-01
-1.996678531602886775e-01
9.684722880960301428e-01
7.202121888767341051e-01
-8.714296816751612162e-01
-5.899523960547197188e-01
-1.389195391736719243e+00
-6.972981498242860621e-01
-2.961110990125676024e-01
-5.062278273051586952e-01
-1.595249362418362571e+00
1.389627058669281601e+00
-5.210415111936874677e-01
-2.152548267121572323e+00
8.415246105219909012e-01
-1.195928463283821852e+00
1.154560480646367848e+00
1.446217197742613703e+00
-1.559457244511164298e-02
-8.175531107483396953e-03
-6.643752498643122895e-01
-8.749644235209244059e-01
-4.475720272567307867e-01
4.218015040399422655e-01
3.473473776268221513e+00
-4.340148610576871624e-01
2.583180373767661742e-01
-5.170787232494050700e-02
1.010589286018529043e+00
-8.243023928340857953e-01
-6.880286147217538062e-01
6.494811651602004909e-01
-1.324507259012566607e+00
1.189036365231630699e+00
-9.699590017579731160e-01
-4.781377823537391603e-02
1.529076845113671812e+00
-2.114056488893937935e+00
1.466513204904429379e+00
-4.193694333247568462e-01
2.081693103010512358e-03
-4.041135795324595770e-01
-2.690453337700397629e+00
7.007184147097454963e-01
9.079652718993097560e-01
-2.994898844414211614e-01
4.688613987448788101e-01
-9.467698105310562440e-01
-4.912101596525366709e-01
-1.243736484242702778e+00
-9.158016253354024361e-01
-1.037008906694096289e-01
-7.922622073638725670e-02
1.085020100914823038e+00
3.528814796224250649e+00
-7.878989401270353188e-01
-1.711244006516915217e+00
-4.112181682526014903e-01
-9.716959913267300131e-01
1.025109723733405254e+00
1.259962584564245647e-01
-1.855632524648146431e-01
3.429787838545585998e-01
2.819987891700641569e-01
1.021509246955136785e+00
-4.096741995272100700e-01
4.292263919147715212e-01
-2.400368712503024859e-01
-3.470473465005707303e-01
2.560178713063356870e-01
-1.637942773704822441e-01
4.548965320535841572e-01
2.234979696234136448e-02
9.789585685481543287e-01
-1.222043566987097429e-01
4.142502437299674378e-01
1.424896136513107425e-01
-5.757967588738004405e-01
3.330766242402532384e+00
2.927607532979794147e+00
-1.195847455110568669e+00
-9.798208285290729291e-01
4.641285398851961452e-01
3.526603371703464607e+00
-2.834870563466875382e+00
-3.472065781874071444e+00
-3.393991980988598223e-01
-1.326005898971521990e+00
-3.665093948710143046e-01
3.944488542336577197e+00
6.757384337913980854e-01
-1.258131335279885077e+00
1.677348270239901629e+00
1.915379029987371640e+00
-5.405866119346042220e-01
3.924656847410910587e-01
-1.335269649158181693e+00
-1.955463578877949526e-01
8.419137865338169324e-02
-5.612271043949385030e-01
-1.185489512146291169e+00
1.298879861143573455e+00
-3.050634951279228790e+00
-2.871810922070711758e+00
-1.304840550768707197e-01
2.029489054674250781e+00
-1.473063619920520262e+00
3.355982102747496754e+00
5.020487809686393632e-01
1.150505572558387035e+00
-6.610941454587518917e-01
1.901633760680940810e+00
1.726990279880347812e+00
-9.383973539918762929e-01
6.699218312426620248e-01
1.075515874385224002e+00
7.911205536415699680e-01
-5.178096309955643184e-01
-2.316079241528250510e+00
-1.728976084659548551e+00
7.995402373378790450e-01
1.450244749673569311e-01
-6.135950239731527978e-01
6.315209190637360859e-01
-5.648794884491896706e-01
-7.384267567944209354e-01
2.032850795873898164e+00
-1.432483310982251234e+00
1.787665322792210798e+00
-1.777359935815562841e-01
1.355411427954225090e+00
-9.252381105316966059e-02
-7.218881275131168174e-01
5.387849267817652610e-01
9.889597471497572068e-01
7.786405882961756619e-01
-1.105558199881521847e-01
-1.606345552489207296e-01
7.781451776838395062e-01
-2.747245367062187693e-01
-3.494909191808368010e-01
-2.817856241955724705e+00
-1.849295812189150956e+00
-1.716900903995606686e+00
-3.368506405688826089e+00
-1.701552089380806432e-01
2.429488130230690324e+00
-5.768575384255122396e-01
-2.581869748536318010e+00
1.100157371450573990e-01
-8.016185152340663533e-01
1.101425136307961239e+00
5.365510877004995294e-01
-9.872692797256137354e-01
-1.247131791774603649e+00
1.648829943762104566e+00
-2.911168496664400807e-01
2.192349974839928883e+00
4.134942107511332954e-01
7.275017790939108941e-01
2.439747826038033973e-01
-4.390121183271530336e-01
1.848772405240903138e+00
1.141622572704077188e+00
1.200461850586789669e+00
-1.062855598322230533e+00
-6.453696054412283445e-01
8.395624747812919786e-01
1.432067231715834499e-01
-1.217741093105850103e+00
-8.487060099586701822e-01
-5.126412526471372244e-01
6.170213845587000367e-01
-2.310865911080805191e+00
2.558543698280839163e+00
7.147028016107714876e-01
-1.244351982678428697e-01
-2.920544803323770755e-01
-2.393808715748455551e+00
-1.896404524105840261e+00
5.257492817598239387e-01
-1.199398479495811465e+00
9.838649497211515715e-01
-6.136824833951043390e-02
8.842589460040861660e-01
8.170437952686180338e-01
-1.965608234342680893e-01
7.760698375951778916e-01
6.257391642087791750e-01
-7.543661607827185644e-01
-1.776604523788249734e+00
-1.871993369354576942e+00
2.143133548282596945e-01
1.055842095160548499e+00
1.544341950800246943e+00
-1.312754268282003256e+00
4.995061269848963259e-01
-1.232117500708833635e+00
-1.417774780780801214e+00
-3.196527958349926757e-01
-1.484408967524153411e+00
-9.166497997095266470e-01
-4.524575909360544212e-01
1.561768565775045081e+00
-2.181185451896299754e-01
9.748306083398803334e-01
-5.167066616168889404e-01
-1.088460211265504407e+00
5.588741820816813810e-01
1.010321312658281734e+00
-8.733645211207698988e-01
3.767564022668653534e-01
1.921463582440295470e+00
9.096567278543019608e-01
-3.204933866576323842e-01
-7.199250229569438275e-01
-1.453046555958554809e+00
6.193539670784888873e-01
1.528009488688040651e+00
6.565839511128448436e-01
-1.958610248003821441e+00
-1.949862891288780320e+00
-1.958004861200991931e+00
-3.741507862598874024e-01
3.465849639418168426e-02
-6.285700254980203239e-01
3.422583198222555745e-01
-3.822631679808706773e-01
-2.952358519848897522e+00
2.106337600413219491e+00
1.673567676777503843e+00
-1.132984132043905579e+00
-6.303690414131035702e-01
-8.240699325186652546e-02
5.110809470239151553e-01
6.512867010287557434e+00
-6.143167888111802366e-01
2.969998526849815801e-01
-1.435114270038881368e-01
7.608215120386784269e-01
3.765565058244095820e-01
9.586393982078608711e-02
1.475737941104120488e-01
1.942592698134299356e+00
5.151003884029741187e-01
7.174522693485948510e-01
-4.593505373917469714e-02
2.391290666277003041e+00
1.906903533049137067e+00
9.245032796871361924e-01
6.808847222389402543e-01
