-1.654531672016824384e+00
-4.360935038192149255e-02
9.020166197849777134e-01
7.860445623905116808e-01
2.742804287357775817e+00
1.237781433296901989e-01
1.487607819381476792e-01
1.079916100644021881e+00
-1.209247697522339404e+00
5.927106299553010216e-02
1.704532315044732016e+00
-3.863348508521154301e+00
-4.891748528347455993e-01
-1.061228484607867228e+00
-2.406200373701424589e+00
7.619642710515166506e-01
-1.092345136230553904e-01
1.312702851593111619e+00
-6.174751689147189859e-01
1.329388413444353212e+00
1.915261211884474513e+00
-2.226834757889981642e+00
2.277608772431947592e+00
1.545916625843259506e+00
1.403419502165518917e+00
2.039089277539779310e+00
-4.891259966168175488e-01
1.501080816156483255e+00
-2.047223001592607616e+00
-1.613638696366787029e+00
5.943967040058949491e-01
1.866547702942080722e+00
-4.332068864647825590e-02
1.886476273013312444e+00
-2.711916299503945638e+00
1.298350997715261634e+00
-9.150325544320424553e-01
4.911508385305475843e-01
-1.361217837092587146e+00
9.463181383370579403e-02
-3.749439694031113657e-01
-6.003621320167171205e-03
-1.983113042247296676e+00
-6.440844984165460252e-01
-2.694409373785508155e+00
-2.024283079762196902e+00
1.052425800209277007e+00
-1.090516893291699096e+00
-1.950669424398263851e+00
-8.304455541481488290e-02
-3.151202399066285853e+00
9.229885600548373148e-01
8.289569449856623029e-01
-3.882340857765674169e+00
-3.079545597108180210e+00
2.671036318088009676e+00
4.111261407151443947e+00
-3.358201133621935286e-01
2.634249546016987908e-01
8.567537149536181840e-01
5.151959049242357258e-01
-2.290047068345982595e+00
-3.482474500789448424e+00
2.159577064538522606e+00
3.901492492010191770e-01
1.389296371464357360e+00
-2.758697290389753309e-01
8.808374023072228498e-01
-3.418370182696251369e+00
-1.533161896468035135e+00
2.879544530496687127e+00
3.436996036216994344e-01
-3.180371846948763626e+00
-1.280016321391994616e+00
-9.866619748172610338e-01
3.353677964551660118e+00
9.067820160385864359e-01
-2.690260154601496811e+00
-2.095853302187164480e-01
-5.031875745381352016e-02
1.914459752332912101e+00
1.355275937788430696e+00
1.614046719516003536e+00
-2.048986287387697836e+00
-2.371754855080666857e+00
1.850382342015652659e+00
-2.193657832055960100e+00
-8.792526575984587200e-01
1.370224730374488331e+00
-1.225388851249221922e+00
1.172036393823177924e+00
-3.485437867105364518e+00
-5.704526058154905932e-02
7.208158373181833278e-01
3.723065153834125285e-01
4.845840891141838469e+00
1.162093810038404174e+00
9.113366481680991449e-03
-1.803904428936882631e+00
-2.252835376234066267e+00
4.261363903507476847e-01
1.878759659024448636e+00
-6.592510054996746360e-01
-8.313518459218724455e-02
-1.358827067340129813e-01
1.539425220055237631e+00
1.767908868290630320e+00
-4.046696640465810013e+00
-7.994083608291822074e-01
-8.322931586752405630e-01
-8.646606867906669880e-01
2.319823626504720515e+00
9.042709570921080298e-01
5.168226411595179259e-01
1.272311658084066099e+00
1.742702205444357277e+00
2.081170752891631004e+00
1.061735620165604299e+00
1.030939654515085513e+00
1.552656581502183331e+00
4.094908019280967815e-01
2.940884880863648299e+00
-1.458680198373866199e+00
-1.813497106329489572e+00
-1.528339841729863480e+00
-3.559966618708790609e+00
-1.624189537390393845e+00
-2.697519279666710013e+00
6.132371411339869738e+00
-8.514713587808728779e-01
-2.685814154909157647e+00
8.914063476126699026e-01
-2.053664365397946057e+00
-2.006668277918751908e+00
2.051826477309877994e+00
-1.533550885070540604e+00
3.597361659805766276e+00
-4.735019399739925916e-01
-1.948723754943297581e-01
9.078754611233214034e-01
-1.697287311441492808e+00
-2.917064547043581868e+00
2.298798187477313348e+00
1.887171161791510565e+00
-1.808224212204689207e+00
-2.991389503715152998e+00
-1.786126149078689274e+00
3.750643063776262776e-01
-5.618405848049452977e+00
9.245164581260048031e-01
-1.568602670481219707e+00
1.019297381903467858e+00
1.703639281270985295e+00
-2.850439007835474103e-01
-2.014668086740545760e+00
3.110805583022806520e-01
-1.060665512622816498e-01
-5.300268858328573141e-02
1.879381101201628601e+00
-1.607892480067614482e-01
3.254423520019024352e+00
7.041396770855872234e-01
-2.815677268560567992e+00
-1.045444991892661823e+00
1.089400094769885197e+00
-3.018623007412514880e+00
-4.788335348338278452e-01
1.695281527900004193e+00
1.894358459856939625e+00
-1.866213055742294014e+00
-2.039166361621610690e+00
4.400594004425041561e+00
1.286301271935857748e+00
-5.858209712883539755e-01
-1.979032471594548870e+00
-1.184382398638410328e+00
1.271765740875834494e+00
-1.481625246256080553e-01
1.800928232478065327e+00
2.065281016796714830e+00
8.941324523305095584e-02
-1.267328351812020137e-01
9.882860844001931655e-01
1.701613002139338859e-01
7.788115929804741988e-01
-1.491995235186226454e+00
6.740871302518337549e-01
2.131142674042201257e+00
-6.604564496304474730e-01
4.726422177673780256e-01
-1.932116347279967394e+00
1.805813926644160294e-01
1.770268401396243974e+00
3.006107955593160685e+00
1.000744289509952756e+00
-3.048337636429156561e+00
1.639934452291610611e+00
6.081502416554562807e-01
1.148175525119280449e+00
3.699530386910040658e+00
3.212064286407366076e+00
2.511871131465492013e+00
1.712965581036012264e+00
-7.328814845443898385e+00
-1.873386363974944013e-01
-1.290115750548488927e-01
4.442424016016350424e-02
2.249975725382813777e-02
-4.888317152867810433e-01
7.106175864287835875e-01
-4.990044675363324522e+00
1.199059833215974313e+00
2.239032378412985747e+00
5.763822039177763923e-01
-5.657748640888693448e-01
-1.144485968723438996e+00
1.164885117162089978e+00
-4.755056223540944649e-02
-1.393746200948895009e+00
2.021696884874517597e+00
-2.326670689468819664e-01
-2.012667280794084412e+00
2.830276845473153280e+00
3.160194597844998121e+00
-1.322996984203959947e+00
-1.716440207258319584e+00
1.519840890593615601e-01
1.675513306984027229e-01
6.479955215371616672e-01
3.962705379463268951e+00
2.305436657260256261e+00
6.088720979020071367e-01
2.091603602123233596e+00
-3.037315647979700550e+00
2.498705056553441217e+00
2.153467937600401338e+00
-3.238062855938361739e-04
-1.858421682780784789e-01
-1.448470684082072690e+00
-1.568551385173569290e+00
3.793159396385979987e-01
-3.835081880876205218e-02
2.067936993219912367e-01
-5.604687847363940545e-01
-6.961646648553499794e+00
9.910924631005088026e-01
-4.400200647087023631e-01
1.040385325126718941e-01
2.829154745679152150e+00
7.908021937016421754e-01
-2.108672431464408970e+00
6.335606581044324059e-01
-8.467187492149326478e-02
4.887156271357581683e-01
6.149592878633579618e-01
-2.573287610672815307e-01
-3.992271086865996299e+00
-8.544287201939638754e-01
2.175778828892372674e-01
1.725715446525913355e-02
5.761521019639636032e-01
-5.468032217378490323e+00
-1.738288555143797876e+00
1.993202777469190445e-01
1.822993969469037800e+00
