-2.545583085188189543e+00
1.766995159770644808e+00
3.363773047337682842e-02
-9.439648133422032794e-01
1.446658674213505413e-01
-4.642770822113892470e-01
1.587951042984118599e+00
-3.855104633756516463e-01
7.835486906115757266e-01
4.691617908388119318e-01
1.191738175117548426e+00
4.810628322690717051e-01
1.653735279619676923e+00
-1.974880215616379608e+00
3.949365711084500408e-01
1.453252126425591095e+00
2.334470108850622838e-01
-4.725760586699452870e-01
2.887023808493895394e-01
1.442234373607474418e-01
1.629295786535227553e-01
1.408881473971433484e+00
2.038557140788276101e+00
2.723991504027375665e+00
-4.937593020980075575e-01
-1.159504248896513934e+00
2.511356354261654822e+00
-1.341516583431051624e+00
-6.378335874506035896e-02
-2.365180430632899178e+00
-1.533867569411449638e+00
-1.391101550029027356e+00
-4.242774749322711370e-01
-1.647936170482279694e+00
-7.410468926006705814e-01
7.949054960331232156e-01
6.005743971431647399e-01
-4.207340472387705033e-02
1.667077726372598656e+00
-2.173179575234629457e+00
3.697002887406465987e+00
2.929559951745043911e+00
1.409922913396469690e+00
9.724464792553836334e-01
1.076620001739599042e+00
9.212497549561032839e-02
-1.001039330182253106e+00
2.185453473153944337e+00
-5.788559207534277329e-01
1.596082181789766130e+00
-1.037040852789272494e+00
1.364107062985581431e-01
1.431494846978629276e+00
1.095176381454027181e+00
1.985195477339631864e+00
3.497214199011008606e+00
-1.115747735182101907e+00
-1.807827656537224215e+00
1.371040211940677267e-02
-2.597207218326424982e-01
1.389503714690368374e+00
-4.987611035393095804e-01
-1.911180331382819508e+00
-7.765803128085797535e-01
-4.382710386598203112e-01
-1.178370350627032215e+00
1.215374642096102020e+00
-1.307869866805330128e-01
9.334731463722259481e-02
-2.833948838930551717e-01
1.710532253851537066e+00
1.089088090283779620e+00
5.821308123955879488e-01
-7.246635643983644348e-01
-1.016930104227413034e+00
-1.404476245368615761e-01
6.054404539957098930e-01
7.453498609952773357e-01
-2.204158054163438685e-01
-5.906543133893158437e-01
5.037511326776867859e-01
2.705946095726473044e-01
7.256738306924123139e-01
8.477300948093580146e-01
1.669394732179409147e+00
-1.000043818066076007e+00
-2.407652722944175316e+00
-1.805379428741595627e+00
1.536568372299056628e+00
-9.466801043381283254e-01
2.655355057470997759e-01
8.142846042486474589e-01
-1.279919022080174162e+00
-5.041686922160977247e-01
-5.924120527752908816e-02
1.789672407700515500e+00
-5.515163536306305625e-01
-1.614437414242584579e+00
-6.673194945154269364e-01
-2.570294432158789277e+00
-3.030450910191227809e+00
-1.264828526217997240e+00
-2.037153613526310192e+00
2.663900353688167577e+00
9.796178824977448407e-01
-3.751067555859309843e-01
-1.148371105621554644e+00
-1.371901886593227315e+00
9.059162358492991451e-01
2.000271737579712994e+00
1.197379692020927866e+00
1.511688277481347598e+00
-1.832433975732936871e+00
1.582043188291017699e-01
-2.628146221904014368e+00
8.986837589976161000e-01
4.390514024744468502e-01
2.484527991164786176e+00
8.159082506749145702e-01
3.282938014462976284e+00
4.622453341593406040e-01
-4.282290027243371711e+00
1.287278335896277603e+00
2.846807604031394323e+00
2.554893256728489437e+00
-2.794154467886585946e-01
-1.367490063161104441e+00
-9.669891836067506796e-03
5.694432123786681288e-01
1.431404843760343937e+00
3.424985583613991968e-01
-2.479451920505064244e+00
-9.120922972698194409e-01
1.115185899194578667e+00
1.701342341932205571e+00
4.721692516789374183e-01
1.054968820497098170e+00
1.141631233765370457e+00
1.557491383951261188e+00
-1.617407036339757465e+00
-8.189989037128028171e-01
-1.000864718630959604e+00
-1.493506716752168284e+00
-2.135637534222277978e+00
8.130494585809426855e-01
5.972954813156448051e-01
6.528713373305169432e-01
-4.772315872647228674e-02
-2.543887623481598803e-01
-6.606843383987580642e-01
-6.787897640851873193e-01
-9.989193127029732944e-02
-2.470163158950983429e-01
6.097283359720362395e-02
4.369451969970580829e-02
-4.366383852167831314e+00
4.759434293536609073e-01
6.535949213431938576e-01
2.787645602899681219e+00
-7.911371999651856113e-01
-5.658584871876084499e-01
1.068946565157338879e+00
-6.918172772697654960e-01
-1.453675927837840387e+00
-2.174211516470777372e+00
-1.220533414482917189e+00
4.257028545749435011e+00
-1.186558030668255714e+00
-1.826453040533670524e+00
-6.393506657312997277e-02
-3.055847786174379355e-01
1.372043522823313433e+00
1.878245054118516055e+00
-1.279907919603270106e+00
7.814292986925525097e-01
5.040413530447119816e-01
2.371022136307962658e+00
-4.360237124753352234e-01
-1.248960830266870881e-01
-2.913941503191991855e-01
-9.657275592722239788e-01
7.702260190927724404e-01
1.414400455127643230e+00
1.237985535086181921e+00
3.249507573080588685e+00
3.548420441694939420e-01
-8.273387571610776314e-01
-2.037069243979543476e+00
6.570702178168275065e-01
-6.419855833190538652e-01
-8.577990908172319351e-01
6.777631935268579877e-01
1.945240868054965766e+00
-6.597094754614782897e-01
2.538216073640282122e+00
-1.222348472730351021e-01
2.028016309496837088e+00
-5.278332512324810377e-01
-3.054607173167484646e+00
1.753620058274573346e+00
-1.912474410497332911e-01
-1.664477436457826309e+00
5.017421617058824834e-01
-1.050002451056671671e+00
-7.378319789529977357e-02
-7.772736175233987410e-01
2.692753677639329046e-01
1.336374426085994438e+00
1.292512168655475691e+00
8.986978669071858938e-01
2.702367828021646212e-01
3.233998917261877715e-01
6.681775924521576870e-02
2.615641732199189384e+00
-1.942876392230994842e+00
7.892702350261893152e-01
8.429506677214497756e-01
-7.390966320853981086e-02
1.594678225291551898e+00
2.640384376939456379e-01
-2.469851880679539313e+00
8.003641295863598293e-01
3.260894023283370746e+00
1.457979399496599493e+00
1.342502216002189996e+00
-3.739528479157813723e-01
-1.285752091539230924e-01
2.447950469819300534e-01
1.446567767891269840e+00
7.307586460011026297e-01
-2.985039832682945704e+00
-1.845105266992592474e+00
1.855712373413210159e+00
-3.970895865454022733e-01
-2.210522184239614329e+00
-2.841841644019682533e-02
-4.724450240963729009e-01
-1.525484987242542889e+00
1.596790589625711299e+00
-4.580925906740485054e-01
2.883924591443910668e+00
1.343244697639844443e+00
1.299124634360264430e-01
1.117612694883885593e+00
-3.947036117099471664e-01
7.059103049597222901e-01
1.358283259126022102e+00
2.504556535743744039e+00
-1.374468421574298382e+00
-6.658430793981768847e-01
2.281252036926340043e+00
4.391243910577548037e-01
6.511368675894817493e-01
4.974045945632905585e+00
8.228264329830026202e-01
2.449138873939403216e-01
1.188441602692311028e+00
2.366420620936993569e+00
1.347953724247836771e+00
-9.932429412043948247e-01
4.343460517956345690e-01
4.983837806547519733e-01
-9.661147217977071877e-01
-1.239265213089112194e+00
-7.761809292747469113e-01
