-5.014534088752400365e-01
1.145895503114652048e+00
2.915501016897705799e+00
1.353574929602392174e-01
-1.359133191826425335e+00
-1.334647838378804074e+00
-1.841059015724441084e-01
-9.920767763337193790e-01
2.270517487331643824e+00
-1.911995248630111277e+00
5.790699367528235469e-02
1.324068415533700360e+00
-7.592832243885287991e-01
-1.844842743507834060e+00
-7.148515629750890055e-01
8.692261380373343949e-01
2.033672536147084209e+00
1.740507937144117223e+00
-8.702323447511431942e-01
-3.122900225765097737e+00
-3.350497270219768842e-01
2.895462275953387454e+00
-3.193072536942489492e-01
-2.506771017694623183e+00
9.088005581979318181e-01
-7.877691844150889189e-01
-1.075770088647099332e+00
9.145928216425979196e-01
-1.652291877750845295e+00
4.478907463956283697e-01
-1.799158413751701380e-01
7.290541736376432436e-02
-3.728000743699388386e-01
1.393495570074884338e+00
-4.279118261666817191e-01
1.671243340867586413e+00
-8.504093445941370843e-01
1.290233581525721762e+00
-5.942159565912044084e-01
3.855981442131108383e-01
-2.701573860353619072e-02
-1.890362057095772430e-01
1.618822760587524501e+00
3.622643082627026168e+00
-3.556263566696549194e-01
-4.984553534184164025e-01
-2.481699560729573317e+00
-2.159983429264821453e+00
2.024503907398379265e+00
1.920365550365697560e+00
1.166816016429056635e+00
3.376299422196444855e-01
1.075088528948279665e+00
2.336213912065298270e+00
-1.725183472807344520e+00
-6.653444956049805459e-01
1.071697277122741987e+00
-2.040549803687719432e+00
9.901171876201826372e-01
1.004242343844826246e+00
3.169644429285874976e-01
1.687769250475982030e+00
-2.138521372928234410e+00
1.766810291967080060e+00
-1.171243765639273127e+00
-6.560045732883493796e-01
2.969769566308227415e-01
1.127139868518405863e-01
-9.337200942152286132e-01
2.107686747095558200e-01
5.462308434270157775e-01
-2.656885241775510220e+00
1.515783341615457580e+00
-1.174885895816237813e+00
1.728824984915613650e+00
5.363962604949077395e-01
-1.330955983875172777e+00
1.848261890674229302e-01
9.381581145951763956e-01
-3.964206769176954470e-01
1.398549502977754766e-01
2.755321660268785222e-01
-4.794122693406012159e-01
-1.317692333687037642e+00
-7.595936598681443108e-01
1.632584784782241005e+00
-1.082235560765577365e+00
4.075449760514427422e-01
3.053867367668013921e-01
-2.151499069255134178e-01
1.733134627726556243e+00
2.255545550930391219e+00
-2.330794708104635848e+00
-4.038642706423607731e-02
2.205841295930566215e+00
-3.847623797113430832e-01
9.255718606921430336e-01
1.410048618443856538e+00
-2.632490043987956857e-02
7.934843066122884148e-01
1.104707596675599812e-01
2.342490648477226489e-01
-1.993578263816390583e+00
6.739168067402175888e-01
1.759694450840679325e+00
-1.024508994197523559e-01
1.759483394125705313e+00
-4.206993856904783224e-01
-1.485330995413105093e+00
-2.140142349099038110e+00
-1.092085211461789884e-01
6.417769314753114518e-01
3.792037434391298256e-01
4.613770388315249216e-01
-2.817468650546440800e-01
-2.286134223289353340e-01
1.416446020640246495e+00
-5.103552919045357683e-01
-1.788361511863974851e+00
-2.424454442158967271e-01
-1.062517582596023580e+00
2.534756890621413516e-01
-1.177479684082836375e-01
-1.630461266841487733e+00
-2.741999585637638237e+00
-2.223395468453166046e+00
-1.306482108832218270e+00
-4.179097056179725267e-01
1.431761652791364581e+00
8.940248631981170813e-02
-2.049013038209815396e-01
1.226228117195132389e-01
-2.344443868405343245e+00
2.303090391280095073e+00
8.223285197291522186e-01
7.047017869171762205e-01
-5.519863575836315706e-01
-2.569058686585680151e-01
6.521260311570975521e-01
-9.815097576668571078e-01
7.081925488318208117e-01
-2.665477824532232365e+00
-2.159436035279092891e+00
1.817927321327370005e-02
8.270279231700651545e-02
1.692294638751763725e-01
-1.714346444201851893e+00
3.184385112875909307e+00
8.817471853869406351e-01
-1.713242073458044246e+00
-4.285352795360045097e-01
1.426971434087540125e+00
-5.318528965265770792e-01
-1.368794523159670984e+00
5.636117208713156135e-01
-1.331390547990002893e-01
-1.654024887088795248e+00
-1.118114657295592451e+00
-9.911923238808546532e-01
6.456998634239931312e-02
-1.629877737078704758e+00
-1.259715768608780984e+00
8.044232887680738964e-01
3.072665931048456089e-01
9.279583584744703628e-02
5.015230213976376028e-01
1.244974032705435385e-01
-5.230307695123073142e-01
-1.638397524180565057e+00
2.629126411132721941e+00
-1.397439957068139949e+00
-2.681604642562442464e+00
7.490737059530023778e-01
-9.911698761017935233e-01
5.160494914790991761e-01
-1.354979379633088343e-01
4.701964371081345240e-01
-3.874213695282026637e-01
-1.444048485486750799e-01
-2.505200253462611659e+00
7.118323135493880294e-01
8.401524999025176133e-01
-2.389984601365289230e+00
-7.831085519354462621e-01
1.306392791374968887e+00
-5.657432534140700575e-01
-9.749601238368639233e-01
2.947102615790484492e-01
-1.970076982825789136e+00
6.582362885055353940e-01
2.253395450754070162e-01
-7.527293016836530404e-01
-5.663126006237614307e-01
-1.485115806357614421e+00
2.257019908721968893e+00
1.326509808862168516e+00
-2.255280618438353646e-01
2.237612240040440237e-02
-1.014341884729087206e-01
1.642329326605844741e+00
-1.202985694454082599e-01
7.349214228738929489e-01
-3.181669859703883940e-01
5.776805311715543789e-02
-1.534405470288482620e+00
1.597769200360275033e+00
3.020838227225796646e-01
-1.407561716878084068e+00
-2.141302851380581185e+00
-4.972838867065340063e-01
-1.326875937715625398e+00
2.293663148212543579e+00
3.887669233022642001e-01
1.793584309919290298e+00
7.054343687405625341e-01
5.932981958817933332e-01
-1.057393435090723255e+00
1.955070740019045905e-01
5.125138623719767139e-01
-2.230698803071020642e+00
8.668375389248850205e-01
-1.083051896666995528e+00
-6.322924497561613899e-01
1.409217018904354246e+00
-1.200833263077046853e+00
1.639601691374547920e+00
-6.460975870952484490e-01
-1.495091373843451032e+00
8.512259187621877832e-01
1.131776045514388152e+00
-1.733246464511316143e+00
-9.439348504085698366e-01
4.440343364246481794e-01
1.179177636568687348e-02
1.687087194771814680e+00
-4.008000126282727504e-01
2.165422937305755191e+00
5.258715984089743500e-01
1.176651781962919641e+00
-3.728907578415109891e-01
5.669785058786460663e-01
1.043192206933655886e+00
1.713259848511468064e+00
-2.945394090343132820e+00
-8.991265948075295444e-01
-2.050796643228085248e-01
5.106228331659147246e-01
8.235173849854793282e-02
1.367732840395819771e+00
-1.200345934110356172e+00
-4.937536273156965527e-01
1.075677309324640563e+00
-1.884855217760702750e+00
-5.053006851076933259e-01
-4.087147282336742737e-01
7.710278606067391127e-01
7.592202754505337214e-01
-8.918745453506247145e-01
1.821358540693162720e+00
3.156443657021984484e-01
-3.408036481039805832e+00
-3.363864785546051284e+00
4.078449693555610267e-01
5.847049599510445450e-01
-1.663634109964394980e+00
