3.231796306038474675e-01
-4.993296203917430010e-01
-3.683681887624383755e-01
6.132831980230530888e-01
-4.444131418733001659e-01
-2.886347767541064258e-01
8.251385259187105081e-01
-9.536510255938928093e-01
-5.074617986602114605e-01
-9.140357560221121780e-01
-9.920430979975358721e-01
7.862841669168614267e-01
6.725505158808660067e-01
-5.808077900583319408e-01
-2.957092160847663020e-01
-8.466301378085732132e-01
7.789283556544561726e-01
-7.433863186785203414e-01
-8.954249447936493134e-01
2.578151609527681298e-01
1.140135952065730596e-01
-9.753506607706969866e-01
-9.436384290684229903e-01
5.268385229095606803e-02
-5.169184566865103747e-03
2.741650123089960367e-01
1.054384390965847906e-01
-6.878794091294635482e-01
-6.499601627497029188e-01
2.762219805404120265e-01
-5.506213749960962023e-01
1.441074420027044223e-01
-5.545956727300778155e-01
7.572776389962505572e-01
-9.063780180224081384e-01
9.877674892401731022e-01
4.022336054466597588e-01
-5.390746752215189730e-01
7.297641421979861320e-03
7.149833961883667044e-02
9.071121868551768053e-01
-1.085132766512615365e-01
-2.014333542388013765e-01
-5.180376418901815327e-01
3.328043555220028260e-01
-1.566650364412685015e-01
5.644381800565068108e-01
-5.338002963627292985e-01
-6.247122768801638415e-01
-6.387882584771227279e-01
-8.535896803375511155e-01
3.821478794710750915e-01
-2.798912545044778266e-01
-7.522906605536465730e-01
-9.015871273874407343e-01
-5.294757194868628947e-01
3.972749693205550603e-01
1.636404749654696289e-01
3.080861459106609690e-01
6.677966456389783367e-01
-3.827194592435012588e-01
-8.074701760593681055e-01
-5.068833129983429941e-02
9.880541073924413720e-01
-8.495789705370522249e-01
-3.543276693973980151e-01
-5.426475586940040507e-01
-8.134508393719541708e-02
7.965076795678638355e-02
1.942379846347224159e-01
9.983033414967676933e-01
-9.511617400809262435e-01
-4.738485135665999604e-01
8.985219053980570969e-01
-5.057148707221519324e-01
-1.707739409739583714e-01
4.743415137898623346e-01
-1.823934659757786569e-01
5.762475078260538286e-01
-8.354523684659120875e-02
1.219068940456122796e-01
4.002966814214836688e-01
7.091955447171420790e-01
-4.587642224737373819e-01
-8.600975475217729205e-01
-1.844276648174656419e-01
4.438292193387458617e-01
-2.242250694983041193e-01
6.247436434699253915e-01
5.699318299125668563e-01
5.892501456115648573e-01
-1.577681565904840433e-01
-4.282566782840535602e-01
-6.257571382194855314e-01
-9.078023854700723039e-01
-6.418959501863432671e-01
9.245474199318093333e-01
5.243454768444659742e-01
1.352868391709611817e-01
7.243536246470858586e-01
4.664711880109402298e-01
-2.264312327461803775e-01
-1.279065074055443230e-01
2.087695620221252657e-01
-5.062257626167345759e-01
4.952090473246260061e-01
9.440497367756195413e-01
4.826528330415149615e-01
1.659220908117806648e-01
-8.995774977354484836e-01
-5.756217738921567406e-01
-3.659099626327035892e-01
-7.921915168483146807e-01
-3.683358260290841013e-01
4.439432248250667623e-01
1.435932470160583563e-02
-3.922311223669736613e-01
-1.462114424912532851e-01
-7.785377559543060766e-01
-1.668373004370349300e-01
6.587708851132665355e-01
3.764452675135128157e-01
-4.424259131208816420e-01
5.293703408551815315e-01
9.452907173213542791e-01
7.439006273086752330e-01
-7.864495403668674278e-01
8.127028079796201343e-01
7.665980948649719906e-02
-2.026704678214255040e-01
2.248739733991704792e-01
2.402321738213208935e-01
2.444199877446371350e-01
2.030426160394591673e-01
4.546996294049063803e-01
-7.399225992523306150e-01
-1.155993188590263010e-01
2.706425921018884573e-01
7.777638449142951771e-01
-5.856944225600742016e-01
-8.267887263773254780e-01
-5.389007401095076144e-01
9.205350946566639436e-01
4.922961756517474363e-01
-6.557511446351627082e-01
-2.874584090091769628e-01
-3.159741472648620597e-01
7.078932163371476349e-02
4.791923287968915535e-01
3.822136024487161610e-01
6.526836048855166883e-01
-3.645915383132438681e-01
-8.203019656503804935e-01
-6.677511112499563417e-01
-6.115783010148572174e-01
2.920654540139853150e-01
8.117084701262755608e-01
8.364625101613094582e-01
1.774186830368496004e-02
1.468943092899963609e-01
4.506986088204367746e-02
-7.547327839611324141e-01
1.569234376577761658e-01
6.837570076740806524e-01
1.245185074652033208e-02
-2.801538180808436085e-01
-2.961984399981958394e-01
9.303241488732845177e-01
-1.140523022667925268e-01
-2.641657975288729254e-01
-8.799153966913686453e-01
8.162472454106075581e-01
-9.680071067489273151e-01
6.860035111271702846e-01
7.365245648282812141e-01
-6.026063010593984970e-02
5.893910661770622728e-01
6.386442380507797445e-01
-5.933205745951011245e-01
-7.671670096757083890e-01
-5.732469550253973534e-01
-1.316587687863275402e-01
-1.458132492107446776e-01
-2.064250094610793340e-01
-7.460636753493281592e-01
-6.405575454224172738e-01
-7.258120466054802655e-01
9.309979013313596230e-01
6.847495266932575042e-01
1.966108140390681047e-01
9.760794691179617288e-01
-7.542980580881371022e-01
-3.764060659494394834e-02
6.300630775069835376e-01
-8.252297799038250670e-01
9.778681932475765670e-01
-7.064510076915844206e-01
-6.237175065048403688e-01
-8.821215619076390180e-01
-5.352416294913344696e-01
4.845445920210897928e-01
-8.029818914950068720e-01
6.046711108575504312e-01
3.499453493639277379e-01
2.389361095363276011e-01
5.378724261708085486e-01
-2.425124738353403586e-01
9.981911151628763967e-02
4.483293274167556852e-01
-5.593033516935272953e-01
1.671784873069401822e-01
5.002610341474378330e-01
-2.051341057284206126e-01
9.373009035037234149e-01
-8.183045272049087604e-01
5.993191486805349300e-01
4.591936781183554306e-01
-9.866649390736590419e-01
7.052719421001429900e-02
5.691695294902914259e-01
-8.935384719992591762e-01
4.783250627639639152e-01
5.949626789028272800e-01
-6.314970854404085010e-01
2.253514887597556360e-01
-8.971008847776391626e-01
-4.174289953348442328e-01
-6.587243935832565178e-01
2.247735106511052905e-01
-6.186875790509509532e-01
-9.075776028968367548e-01
-6.742094590534004617e-01
-7.735474867381761932e-01
-9.570550753759063944e-01
9.523669935932019825e-01
7.753750905208662836e-01
-2.681794516619058211e-01
-3.819463727309564405e-01
3.550121990083625612e-01
-5.318000807330514057e-01
3.346473108663816642e-01
4.496738303245704227e-01
5.959381003391426290e-01
-6.408334494039182871e-01
5.287254977665445388e-02
4.087847266067035079e-03
6.962841227534104505e-01
-3.926645786205362754e-02
8.964311198907659595e-01
6.407224204524659683e-01
-1.686231098389208150e-01
-2.571358109025136951e-01
4.349499664673459609e-01
-2.371637372102595176e-01
-5.709355724396469878e-01
2.795838579222802434e-01
4.098869839342664800e-01
9.907669000424361716e-01
-2.606824609818161331e-01
6.260559539287837705e-01
-5.370134950305294197e-02
-3.319789072524215179e-01
-5.637486765076062945e-01
-9.397230222238976971e-01
9.583531912666436448e-01
