3.197259837930395587e+00
7.601625007225970565e-01
-2.500086996806729633e+00
1.279611451232590014e+00
-3.110373587261427542e+00
1.573805847635040500e+00
-1.088221561297016304e+00
1.523838238152217806e-01
-3.389599278910507829e-01
6.053106163500437953e-02
1.056355381846380004e+00
-2.373448108789760980e+00
-6.057768663901946793e-01
4.666637876676514196e+00
1.369848354321820949e+00
7.998896307290296326e-01
-1.597640902716380262e+00
-1.668302097203610668e+00
2.177540134543638040e+00
4.369779409829480099e-01
-4.252241190681528282e-01
-4.665501951683653559e+00
-2.302079383677227309e+00
-1.079696397240553996e+00
-7.653651782619735888e-01
-2.409865013996759231e+00
-2.177809054736838501e+00
-1.476385200490587302e+00
-2.906361227422029625e-01
1.814591430324426158e+00
-2.763092583860591755e+00
1.272266557992903557e+00
-1.303241092933101530e+00
9.214974253069307952e-01
1.824517610680250201e-01
1.531280178257177660e+00
-1.903160674111669559e+00
3.763313563549630647e+00
-2.179523201617001860e+00
-1.258778561749909430e+00
2.197674091844479705e+00
-3.975884895538732144e-01
1.681062751910622488e+00
-2.476417141552454959e-01
-5.869772439473083248e-01
4.094708153706465292e-02
3.248339105494619794e+00
-1.951173446388248522e-01
-9.642621074906261303e-01
-1.016240803640071189e+00
-3.378381939735822792e-01
2.675559518321145358e+00
-3.325818533268979138e+00
-1.237499359089978268e-01
-6.619531259363204967e-01
3.170558437046799849e+00
-3.021823305035157503e+00
-3.272190910472751568e+00
2.895005191290431767e-01
3.565700151747039914e+00
9.846045618994034299e-02
-3.287631482607752176e+00
1.237178875037611370e+00
-3.176517863265258868e+00
1.653560793908200433e+00
1.774997697598010848e+00
-1.454462589117601068e+00
-4.808912651002382188e-01
5.153791060723765582e+00
-1.550653296066518250e+00
-1.127541213026123312e+00
2.263986083835033969e-01
-3.264525724261085893e-01
-1.364181899291702083e+00
-1.129180374286245181e+00
-1.526262429041122859e+00
3.232639338044415833e+00
-8.365905186398561733e-02
-1.157933504790016777e+00
-5.036964777308650110e-01
9.047532697089091802e-02
1.726620415520231822e+00
-7.489818305740371107e-01
-2.785545729437841178e+00
4.890582571889954822e-01
-1.962717539747061146e-01
1.113706699313167903e+00
3.302637236624099137e-01
1.254389031500282581e-01
2.004656564895630044e+00
-3.658380124391500399e+00
-3.103922976853641380e+00
-3.931445347619393349e+00
-7.030751774924656194e-01
4.169027567212202356e-01
1.805682421052148268e+00
-2.452780699687520993e+00
-3.126274577966636770e-01
2.008019563371161276e+00
-1.829118094618731094e+00
-1.090548543842133622e+00
3.183233655609861490e+00
1.580990375043675789e+00
-4.668538660114251115e+00
4.262362918888987551e+00
1.329088694567411300e-01
6.200713128611776703e-01
-6.677300805812874662e-01
-2.654991868245304421e-04
-3.650484633669482282e+00
6.383688657448280401e-02
-1.500706077824495610e+00
-1.728378716451538955e+00
1.830416769945355515e+00
1.164907841969063662e-03
7.059874434185613445e-01
5.264058836844233147e-01
-2.500388537918633691e+00
1.718464996618853879e+00
-3.651983576052817426e-01
1.326314003633565886e+00
-1.896758929530345084e+00
2.181475462042624880e+00
-8.019490569692174775e-01
-3.470619355369289671e+00
-1.004187102058146541e+00
-9.575094123894766218e-01
-2.307778508657924998e+00
3.454055908773948858e+00
1.231370984391954582e-01
1.130289498266085602e+00
1.598816049732245226e+00
5.110951179568306024e+00
-8.224141071559841754e-01
-1.523781612762574289e+00
6.494711646592934429e-01
-6.346202944190424411e-01
-2.444451521122211535e+00
-1.606127587936378998e+00
-4.530411361647639801e+00
-2.756962761800441530e+00
2.069415661843307497e+00
6.835166359522525381e-01
3.177265847318310854e+00
2.761787733441080084e-01
-2.834647053743827971e+00
1.954634911254859997e+00
2.746321916572894706e-01
3.042681849668483762e-01
8.741594575914759524e-01
-4.427303752463548570e+00
-1.541980732567595824e+00
-2.349299822525545700e+00
6.078813619277940727e-01
-3.545557611725946856e+00
3.927371128111971643e+00
1.328028326889137301e+00
5.107463805072897323e+00
7.700111902281799037e-02
1.903608312652768308e+00
-1.753717185540515144e+00
7.934884458551166864e-01
1.362937370820683558e+00
1.535602925821650366e+00
3.796163668901544330e-01
-5.887562152707015439e-01
8.294868442744272041e-01
-5.603959042840447324e+00
2.467731158805218428e+00
1.756675259698234681e+00
-2.805807684733285345e+00
9.611815484037504742e-01
-4.161337259760910179e+00
-1.364666576796501385e+00
5.626867354342132144e-01
-4.662204628156152886e+00
2.249086043598143458e+00
3.552489518810680202e+00
-2.489218236322508826e+00
-2.501865422375078030e+00
-9.974189480980956424e-02
-1.142792200305506434e+00
1.662339205629418615e+00
-5.724819003466113942e-01
2.525444923985251666e-01
6.265298462334090601e+00
-8.972155452489820604e-01
-1.901433389383321071e+00
-9.329438419990254694e-02
-3.676251202236741289e+00
-2.992582373689348874e+00
-1.480207643630366388e+00
6.428578624932927976e-01
-2.784152638035132465e+00
-3.989946324443680137e+00
-1.398714676409734015e+00
1.747352509753301808e+00
1.950047157541824783e+00
1.093757363574461294e+00
-1.296230663069077194e+00
1.928436809247280559e+00
-2.195914976066883018e+00
-6.938246795504565689e-01
7.170590655704148775e-01
-2.104680649331251541e+00
-3.492867522184457396e-01
-4.279114259215122118e-01
9.433707135561776314e-01
-9.682891983376336054e-01
-1.484918688287408584e+00
2.115990428690961878e+00
2.356142743594850764e+00
-1.712838423773511032e+00
4.820868598689792783e+00
6.408375245647185414e-02
4.014896749931150310e+00
-2.985774552758504452e-01
-1.698642470448739950e+00
-1.219680790191230102e+00
6.585027766097257818e+00
4.595354049266171526e-01
-5.252781131024559791e-01
7.770468420355908234e-01
2.422946290772152622e+00
-4.035891416274981047e+00
-1.337485616147423340e+00
2.868053296821299725e+00
2.364689014957058077e+00
4.182841863968663532e+00
8.104104873362621975e-01
2.553858814327266025e+00
-9.689409504894475056e-01
-2.215318884148906875e+00
-1.744886689434307359e+00
1.880231505632776079e+00
-1.936014281666131875e+00
-1.051431860472299640e+00
6.780394477222588812e-01
1.121443615002898797e+00
-2.876462689462059963e+00
1.002857018716405868e+00
5.361653793413138080e-01
5.575454445875694276e+00
6.231514437960774533e-01
6.549827353542517216e-02
-2.878427432104427641e+00
-1.002305197502130207e+00
9.230632044883693155e-01
3.182732968750887625e-01
-9.495661760951358277e-01
2.179924993504747111e+00
1.808765656708459790e+00
-5.615184442639228335e-01
3.415834788352541285e+00
-1.388243207619009212e+00
-4.959552896071400596e+00
-2.066076612293886172e-01
-2.625507385382011449e+00
-1.090965452702086225e-02
5.458867097415427416e-01
-1.379204005285639356e+00
-4.488611006628470124e-01
1.880816557886209051e+00
8.881116394423977933e-01
-3.317085580698599045e+00
