Best Solution: [ 1.53218074e+00 -4.21841023e-01 -3.74015420e+00 -1.05210844e+00
 -9.07412261e-01 -8.51223719e-01  3.03373834e+00 -1.57579933e+00
 -2.43638708e+00 -2.65681074e+00  2.85212585e+00 -1.19957047e+00
  1.71588501e+00  6.75256347e-01  3.85476226e+00 -5.22566729e-01
  9.64185980e-01 -3.82470534e+00  3.20393930e+00  1.73263721e+00
 -1.82807671e+00 -2.74728246e+00 -1.96079717e+00 -1.23318651e+00
 -7.64440663e-01  9.37415726e+00 -5.83989953e+00 -3.63243474e+00
  3.61136583e+00 -1.43572084e+00  2.26196159e-01  1.77032536e+00
  7.57080977e-01  1.28780594e+00  1.18497350e-01 -1.68905254e+00
  1.13131824e+00  4.27651111e+00 -6.37963095e-02  4.61894991e-01
 -3.09154828e-01  1.75389215e+00 -4.47289484e+00  3.54504388e+00
 -1.21417879e+00 -1.16273505e+00 -1.35253732e+00 -1.13953921e+00
  4.01958690e+00  2.31148809e+00 -9.66595449e-03  1.71170921e-01
 -2.00445202e+00  1.74237257e+00 -7.76191978e+00  6.55118990e-01
 -1.36004537e+00  1.08658922e+00  1.18688029e+00 -6.80362190e-01
  4.77418527e-01  1.25768775e+00 -1.39612841e+00 -7.18950041e+00
 -5.21249509e-02 -7.32845900e-01 -1.56859441e-02  3.26850702e-01
  4.69377678e-01 -2.00553524e+00  1.30956032e+00 -2.86848748e-01
 -1.30421816e+00  3.35424713e+00  9.90411462e-01  9.03204763e-01
  4.48783026e+00  7.62691658e-01  7.46238831e+00 -1.45836594e+00
 -5.94896402e-01 -2.03680752e+00 -3.62118282e+00  1.16692566e+00
  4.07792346e+00  7.07445002e-01  9.42386850e-01 -2.44594845e+00
 -1.38247069e+00  1.15447577e+00  2.49785217e+00  5.64966700e+00
  9.36342878e-01 -1.48295854e+01 -3.93448130e+00 -4.14265614e-01
  2.40782595e+00  4.83380667e+00 -2.49610421e-01 -4.21332001e+00
  6.88601403e-01  1.75739744e+00 -2.54634417e+00  4.64837893e+00
 -6.16891212e-01 -3.02009032e-01 -5.04840272e-01  1.33853196e+00
 -1.20001683e+00  3.77729252e+00  3.20878999e+00  3.39862954e+00
 -1.26513706e+00 -9.00339083e+00 -1.40089219e+00 -6.79475101e-01
 -1.49046596e+00  4.44985391e+00 -3.77989259e+00 -2.52944857e+00
 -4.55263782e+00 -8.52988042e-01  1.07251983e+00  1.38586682e+00
 -2.71665160e+00  1.34259231e+00 -4.15798800e-01  2.41617794e+00
 -8.53410244e+00  1.37104668e-01 -1.54290411e+00  8.41846409e+00
 -2.22913930e+00 -5.98648463e+00 -2.74637695e+00  5.93669227e-01
  1.60324559e+00  2.80912973e+00 -1.85578984e-03 -2.40753323e+00
 -6.49870933e-01  8.72528361e-01 -4.42873494e-01 -8.21825357e-01
  1.78299179e+00  1.94840681e-01 -1.37051963e+01  5.22720459e+00
 -2.73215771e+00 -3.25336555e+00 -1.13031785e+00  4.30583599e+00
 -4.02002412e+00  3.06452955e+00 -1.21725863e+00 -1.29129879e+00
 -1.56324452e+00 -1.60385175e+00 -1.14352372e+00  2.46179499e+00
  1.59532659e+00  4.61256893e-01 -2.97806648e+00  1.82596822e-01
  1.25354064e+00  9.71658035e-01  1.11921102e+00  6.46672819e-01
 -5.08743789e+00 -7.43703031e-01 -1.05830987e+00  2.35663431e+00
  5.69954739e-01 -1.42210981e+00  3.79900864e-03 -3.74469264e+00
  4.36567441e+00 -1.41029787e+00  1.94647830e+00  9.84170616e-01
 -8.90528802e-01 -5.07903277e-01 -1.43160594e+00 -1.02614428e+01
 -2.36732048e+00 -1.64013173e+00 -3.42751559e-01  2.21164091e+00
 -1.62913467e+00 -1.43597416e+00 -7.56371813e+00 -2.35681087e-01
  1.93579581e+00  1.53542403e+00 -6.84016846e-01 -4.28479679e-01
 -3.07479278e-01  3.32346361e+00  1.36292064e+00 -3.38620443e+00
 -1.36292077e+00 -1.16442638e+00  1.40403540e+01  8.93331398e-03
 -2.62758888e+00 -3.39158612e+00 -6.69268426e-01 -4.16412151e-01
 -4.40580581e+00  2.55138919e-02 -3.14945335e+00 -1.59045591e+00
 -1.07489522e+00  2.71161354e+00  1.69287815e+00  1.69287607e+00
 -8.80184615e-01  8.82414565e-02  2.15451506e+00 -7.95626229e-01
 -9.19434017e-01 -2.14456606e-01 -1.83147751e+00 -6.29518382e-01
 -1.08205023e+00  5.13169546e-01  1.64389873e+00  2.23314419e+00
  1.36786698e+00 -5.61284609e-01 -5.66210608e-01 -1.54006050e+00
  2.47825491e-01 -3.36332585e+00  4.47588788e-02 -8.85964000e-01
  2.29479240e-01 -1.25566192e+00  1.35860070e+00  5.98929366e-01
  3.79660719e+00 -4.23003009e+00  1.20613724e+00 -5.13030302e+00
 -6.48600233e+00  2.74741847e+00  3.72648877e+00  1.51152869e-01
  7.40510048e-01  7.94217916e-01 -3.14161717e+00  1.41511848e+00
  1.74752062e+01  9.07837127e-01  2.18002148e+00  1.10761335e+00
  1.52566786e+00  1.49611674e+00  7.63248720e+00 -1.10315168e+00
 -1.91725817e+00  3.68021851e+00  3.12394296e+00  7.92330737e+00
 -1.21309217e+00]
Best Fitness: 54.320852
