-7.705369585178041270e-01
-1.310898371974482113e-01
7.350998835217047445e-01
-1.115136136494217167e+00
-1.974253255070378410e-01
-1.182673387460725811e+00
-1.556223832089806525e+00
-4.770281763302685052e-01
-1.667505754983511279e+00
-1.156477390174427189e+00
8.229406329649812113e-01
-9.643601569090888281e-01
-8.334371933997118953e-01
-1.788413752460773054e+00
-2.560991857389705917e+00
2.093524048525145620e+00
4.103224789906092518e+00
2.868338393385040930e-01
-6.203702617376687378e-01
-4.284770768191001444e+00
-1.306835401896614401e-01
1.192149234176883565e+00
-4.911424427430824413e-01
2.360324833165950320e+00
-8.077548902610879322e-01
-6.074478967076663016e-03
-3.670809092838950294e-01
-1.824298185302993813e+00
-2.273567248548370445e-01
-6.918084987072332936e-02
-2.369046840929373565e-01
-1.893655613511065150e+00
7.958423861138717026e-01
8.089020299018010451e-01
-2.168364166000993354e-01
4.637385830857143065e-01
-2.681870150087508065e-01
-3.570898501564859773e-01
-2.234283349597519841e+00
2.244337706395233001e-02
7.706160173587036644e-01
-8.766329953361362559e-01
1.083080150950951115e+00
-1.230346732481444105e+00
-7.941540571967510287e-01
1.435165212399728829e-01
-9.264911109380209453e-01
7.153232401433102794e-01
-7.646854748246960654e-01
1.279244027512844051e+00
2.357436032282496097e-01
-3.508596451097296676e-01
3.066925204874171307e-03
1.250645648891602013e+00
1.999447483753827415e+00
-5.440477843694591087e-01
8.319242414719220102e-01
7.744372465720843479e-01
-2.242335882212930009e+00
-7.989526038516191475e-01
1.119373731782648873e+00
4.558436829170507409e-01
-3.097942351760913371e-01
7.937281470875656719e-01
-2.426593904360437648e+00
2.079345722706530619e+00
-1.129272640411098205e+00
-2.456199735874866175e+00
-1.815819683240852411e-01
-8.728520997579657381e-01
2.471383822878316483e+00
-9.850253523313137194e-01
-1.544799067304787110e+00
1.106495409726342416e+00
4.271482476027928937e-02
-1.040992786922110280e+00
7.673442102788202712e-01
3.131113141871941785e+00
7.869309429987496607e-01
5.506938336883747676e-01
6.248574700920852543e-01
-6.738173684247119599e-01
6.646535634622368072e-01
6.359204795269525201e-01
1.318200474800282240e+00
7.167657400430827996e-01
-2.681596155258614722e+00
1.017080021456623795e+00
1.098264569881064606e-01
3.973545194230940214e-01
1.002723251662414050e+00
-2.041897083605866747e+00
-5.950302911340352718e-01
1.707238166863723539e+00
3.326754990785315003e-01
-2.013926981814310402e+00
-3.944217482736887437e+00
-6.086498761504647304e-01
1.609201900791414896e+00
3.261427053034668400e-02
3.015081495566208081e-01
-2.209822611451460528e+00
6.016998141363124608e-01
-1.311960375428636305e-02
-1.128108500929440039e+00
-7.338674972819047015e-01
7.530570498205302332e-01
4.805411670228116883e-01
3.885378394567285398e-01
-2.889296450490907997e+00
-3.983645085939942487e-01
-2.031997060328444960e+00
-4.146778805913440280e-01
1.007527660305646444e+00
4.223262823313512770e-01
5.135637438293843005e-01
5.678059017830083821e-02
5.192413455175759474e-01
-1.840466618986050129e+00
-7.575833415347377198e-01
-2.049530394589912596e+00
6.657627936923641299e-01
-3.909532492597015546e-02
2.096090840936235988e+00
-6.022491198143968827e-01
1.586368167334603507e+00
2.848720094015389837e+00
7.115234813642852263e-01
-6.635859785817057599e-01
-1.273520788682516613e+00
-2.521847300560007277e+00
-2.702593216715856173e+00
9.551243422080828438e-01
-3.456098322733847539e+00
-1.402876348633995462e+00
-1.312215338392530350e+00
1.825563272406218074e+00
-8.340744273443962964e-01
-2.041062589106310554e+00
2.173881614673867091e-01
-2.741808284687757280e-01
-1.213381985198940111e-01
-1.208899012367309622e-01
4.690107433002410620e-01
2.031351652306551125e-01
-1.599612639128221714e-01
-1.778174139551552235e+00
1.083845610830594719e+00
-1.196158959640751251e-01
9.981837899991283236e-02
8.870960550347748441e-01
-3.805527286527896624e-01
-5.677317065910286731e-01
1.140758329841361274e+00
-2.596914206618918253e-01
-9.062766506847943493e-01
6.724868534400393338e-01
-1.145777611737661128e-01
-2.059689388497817075e-01
3.781665367830272517e-01
8.831119243815089837e-01
-6.824343562197532354e-01
-1.915267007138985900e+00
-3.522671394418932955e+00
-7.620662738665895386e-02
1.539789442261926933e+00
2.746694623909047728e+00
1.151436789769027857e+00
1.838776043639881230e+00
3.167256735565020520e-01
-9.390813246654264868e-01
1.034114704440271648e+00
-9.954390202335271498e-01
6.765883048660121801e-01
-1.551257757686919092e+00
-1.379321691681161255e+00
-8.135193763582109217e-01
-9.757825639316862754e-01
-2.934686685087715685e-01
4.049551786903989870e-01
8.333039772241134235e-01
-1.184584555704239150e+00
1.694808990067992793e+00
5.009063817993130163e-01
5.894684842553000736e-01
-2.371767795630643771e+00
1.006893485893116669e+00
-7.335084760833342488e-01
-1.619833712118911584e-01
9.624668136155587472e-01
-2.844464777386412457e+00
2.493420503103864316e+00
-1.602846976175841487e+00
9.538359358556944834e-01
1.349075753068617267e+00
2.035194914114937803e-02
9.893642707402671155e-01
-6.343150427417805215e-01
1.125663622432817368e+00
-7.462026434091093563e-01
4.275691753476384971e-01
1.963430867147804848e-01
-1.226346055248165090e+00
1.453753082499046334e-01
-3.344026689492174964e-01
1.283454735657356016e+00
2.812199682497798392e+00
1.419564784830103621e+00
-5.273613880797091424e-02
6.651779250908212981e-01
-1.407683895243141192e+00
1.515728678815864594e+00
1.659869912961566607e+00
2.526716941656661497e+00
1.352788058940328220e-01
-1.069328685771210985e+00
-1.065444277695464237e+00
1.166905603634869504e+00
-1.820735919874437059e+00
9.511204244218640635e-02
-1.125519744515023624e-01
-4.177860291643978874e-01
-5.533614775155036858e-01
-5.451181443715920061e-01
-5.255750540610861776e-01
2.189885362494016219e-01
8.690819714619347769e-01
1.734705666462938112e+00
-2.386512069299430439e-02
2.753214790290036684e-01
-5.643789083220777103e-01
2.060509374332845089e-01
4.077947337737718447e-01
3.356979157963867477e-01
-1.013713656783010730e+00
-3.636193700197773992e-01
-1.613647016405421297e+00
2.291011167282430150e-01
-8.637838568388856997e-01
-6.332447295515686303e-02
1.731849192412638461e+00
-6.830561272264830119e-01
-6.432785194641145177e-01
-1.034162233329962710e+00
2.002656355359172746e+00
8.312464044083849313e-01
1.572528384003704316e+00
1.222305829839016811e+00
4.260931183829182456e-01
-4.957395914382459745e-01
1.143058909058915829e+00
1.431825064302806094e+00
4.540225313574389077e+00
2.124344204191867647e+00
-2.142124136098104259e+00
4.276469015000093910e-01
-1.056159018997774091e+00
1.348628988087510194e+00
4.991222685881991916e-01
7.780068888939426497e-01
1.130944734826543063e-01
-6.906841009749498106e-02
7.836274156737014218e-01
-4.301010419978409938e-01
2.743567844534810507e-01
