-3.700317620943814889e-01
6.118820312239024728e-02
-9.958262083284667721e-02
7.665072939463711543e-02
-3.707723554181217851e-02
-1.281626714636756592e-01
-3.220124824619388648e-01
-6.868425836439293053e-02
-5.019033268611835519e-01
8.201121947576181515e-02
-4.900845383994649196e-01
2.772430385521202911e-01
-1.938029901123397569e-01
2.953892002296539809e-01
2.534758511696608707e-01
3.408178729715415911e-01
-1.545964303350155777e-01
-3.057507704824897338e-02
4.210446465450438103e-01
1.097845939753668010e-01
5.349408882198812554e-02
-4.274827503536623996e-02
-5.045072231954438741e-02
1.613634835841556980e-01
-2.419242093104767566e-01
4.469297593269763724e-02
1.949309679265090467e-01
1.151585320817393732e-01
5.226339552411057854e-03
-2.851192919503900414e-01
4.114827034034453102e-02
3.353061262612598847e-01
-3.671530329621267713e-02
-2.349096845025037961e-01
-4.894469039258566023e-01
1.410913107723482107e-01
2.074367545055785522e-01
1.866532527882593939e-01
-3.076861123195028247e-01
-4.125412780263953971e-01
-1.115931447883597438e-02
4.950444151858444941e-02
1.234287971775113735e-01
3.277467691982816067e-02
-2.165790974320658535e-01
1.015864378444394783e-01
1.980835616020857892e-01
3.124730698299350851e-02
-2.424429206734748932e-01
-1.566035227083741876e-01
7.182900899392202776e-02
-3.672670672234880085e-01
-1.539618669454147215e-01
-3.180926329715473289e-01
-3.769114200933229575e-02
-3.442136105441626071e-01
-6.283779977535863814e-02
7.022116443698215443e-03
1.038073344588616165e-01
-2.401559988798306344e-01
-8.929710156953099554e-02
2.227060492691203542e-01
-4.317489785317829565e-01
6.192247422865290729e-02
2.347295792010098137e-01
2.232414588884088294e-02
-1.140755828400853711e-01
3.762529933235088109e-01
3.351897604779698892e-01
2.170148331923701379e-01
2.411180743089155754e-02
5.137652679007267964e-02
-9.467035991138665618e-02
-1.896471989733801433e-01
1.272236824134098387e-01
-2.473281822598465407e-01
-3.595551438152178036e-02
-1.108370317953434429e-02
6.021052004575427191e-02
2.864539336263894342e-01
-2.682688598757426157e-01
1.817034108022471672e-01
1.432247391775205436e-01
1.774103801140673176e-01
8.572541137937569888e-02
2.219704881097686600e-01
2.422012556510211856e-01
6.149563004096775254e-03
1.793712581140020079e-01
-4.597001326340131033e-01
1.204122508296623512e-01
-2.747003339362424912e-01
-1.099254334214138928e-01
-4.013284447270729083e-01
-3.604134589137857336e-01
2.294740113564091785e-02
9.118962586493456479e-02
1.188874215143543439e-01
2.328118262305145514e-01
4.013569067843594240e-01
3.523376866241478833e-01
1.221109792896848123e-01
-1.427454618459897129e-01
-4.469975016912610677e-01
-1.757374801410794829e-01
-1.816003108949785783e-01
-1.951383925395535901e-01
2.799063259582207364e-01
-2.001168964259345540e-01
-2.985090432979006225e-01
-3.926878323173954577e-03
2.221465712775508028e-01
1.450795473001725844e-01
1.625929773468639539e-01
-8.665050530667556261e-02
2.225321180696919199e-01
-1.411734109420246797e-01
-1.313219043450239432e-02
-8.789313456298636362e-02
-1.117468081486895498e-01
7.444487640532497508e-02
2.664171837564106582e-01
-8.800221625805129677e-02
1.769296429892709688e-02
-2.066925863887242865e-01
3.209267191844773770e-02
-4.648113941678300165e-03
1.064007113546463212e-01
-3.584708313154894022e-01
-1.357046782252176176e-01
-9.357806691867995297e-02
-1.215451607718107813e-01
1.668197527263822200e-01
-3.920958933147153380e-01
-3.609207948547906580e-02
1.031374070670352805e-01
-2.380094487944946768e-01
-1.855052113219224710e-02
3.615991057095720440e-01
-2.717017116819181455e-02
-1.270335110358680741e-02
8.558531302210931058e-03
-1.930406821479338508e-01
-2.926965230324637957e-01
-1.013899341538065935e-02
2.688610045854295527e-01
-9.164429303775450952e-03
-2.835897292527509439e-01
-3.168054301056325711e-02
-1.471662188260877691e-01
-1.703138294390250385e-01
3.615676471733307862e-01
3.285854041492998479e-02
-9.270360032337247869e-02
-2.007254686949198064e-01
2.445402770855236718e-01
2.000479494060559138e-01
1.059458624705032631e-01
1.309942076790568399e-01
5.054350750506529655e-02
6.587987290104428684e-02
-2.141005625499142195e-01
3.709857522478154923e-01
-1.186392873848498286e-01
-2.116548531817584733e-01
-1.869759441102258890e-02
-4.365615552108053632e-01
-8.354476824778162003e-02
1.991931672793814390e-01
-2.059106028331425531e-01
1.576074066639855942e-01
9.937375867015055264e-03
3.312559676745728265e-01
6.948693452971511919e-02
6.719712127888972930e-02
-2.535017711157707132e-01
-3.063721316241641568e-01
-6.710883145827606366e-02
-3.000959867096804068e-01
-1.914033508621975077e-01
4.749211614909015777e-03
-7.965696512060543855e-02
-2.946672100101460634e-01
1.574584619367065397e-01
4.237012117855525756e-02
-1.139583829405171889e-01
-6.079689641306373904e-02
1.964564287021604849e-01
4.701835824537279329e-01
-2.419885489542546453e-01
3.263173634376175664e-02
1.179543579940728892e-01
-2.105728315872754108e-01
-1.847846907398541794e-01
-8.324407584948009808e-02
3.128198591677048418e-02
-1.173404129370053117e-01
-1.317250172229720850e-01
5.968143374176547444e-02
2.835179441283564028e-01
-3.462368848316582648e-01
-3.719994423878206780e-01
-1.119974015744384932e-01
2.630226903767005076e-02
5.609825268655541652e-01
3.273981352998146521e-01
3.160287743350354006e-02
5.418603793888476794e-03
9.283463020885671102e-02
3.742955075918809049e-01
-6.920808825868075553e-01
2.538411783944452549e-01
-6.030648780166358164e-02
3.508969029113139793e-01
5.836417519842238555e-01
2.588433101258047486e-02
-3.990100789586667474e-02
2.740462760630745231e-01
3.387364284358886923e-01
-4.158746637680753311e-03
-1.263292044906665912e-01
-6.727595637341765578e-03
-6.117508352880118849e-01
-1.291678444762476008e-01
1.285495777036564924e-01
1.266161962864776891e-01
9.893071125345834216e-02
-3.284929906055433779e-01
2.263630744185723964e-01
-1.812186073360923522e-01
-5.612695844898089037e-01
3.259869821625385744e-02
3.391929231304303127e-01
2.443406844026754232e-01
-1.921669420630793823e-01
-5.724520522204425976e-01
2.691985355643876365e-02
5.699464006013998940e-02
-4.101069634756452364e-01
-9.125829561515619304e-02
-2.755742676139216196e-01
1.771751034059180496e-01
-2.039871735363331037e-02
-4.690291138728602122e-02
-2.304654388576121704e-01
-1.014889107668064672e-01
3.972510983919560479e-01
-2.783666749493826642e-01
-2.676696032731267771e-01
2.784990151978306572e-01
-1.180967695928576422e-01
2.351079270687895795e-01
3.516588859901139535e-02
-8.313678547071473579e-02
2.271240077867899554e-01
-1.643866160900970819e-01
-2.895430732890525993e-01
-1.291985562641906893e-01
-3.034822370099025113e-01
2.021018979800516813e-01
-2.689965615096355789e-01
2.110744794636794652e-01
2.198479410629169406e-01
-3.345517413460442624e-01
-1.704083160933023144e-01
