
1 87.319358 4.848104 26.478405
2 89.34704 15.709933 33.517552
3 87.439358 15.545026 35.468812
4 87.7805 9.726938 31.155526
5 87.237882 19.016715 35.303999
6 87.924654 24.464991 38.52021
7 89.34704 25.621036 40.417487
8 87.237882 30.804531 42.954642
9 89.163229 57.63233 39.064785
10 87.199358 44.023145 42.278958
11 87.154 45.517047 42.152113
12 87.237882 53.053186 40.020006
13 87.237882 42.781173 41.637772
14 87.259358 75.116864 26.819357
15 91.321106 87.184132 0.416121
16 89.350924 87.167387 0.227203
17 90.313561 87.16889 0.316634
18 87.237882 87.142699 0.017172
19 87.237882 87.141329 0.013793
20 87.237882 87.140609 0.010126
21 87.237882 87.141329 0.013793
22 87.237882 87.140639 0.010205
23 87.237882 87.142314 0.016807
24 87.162889 87.139857 0.002966
25 87.237882 87.142548 0.016845
26 87.237882 87.141139 0.010723
27 87.139358 87.139358 0.0
28 87.199358 87.140489 0.006984
29 87.165869 87.139889 0.003712