-9.736997982474440150e-01
-2.186322671113015481e+00
9.377348893052847578e-02
-9.776028330452937176e-01
5.997407459539443320e-01
-3.810248982948678975e+00
1.929352086084962004e+00
1.495164369451902786e+00
4.796120438550985909e-01
-1.777458206009205233e+00
-3.814330124691268420e+00
2.628278832787950936e+00
2.131772232458589933e+00
-7.338144353566473654e-01
1.217332675405956799e+00
3.425148131629240034e+00
4.033572181770038734e-01
1.749523447360794348e+00
1.073064748572311322e-01
3.951131043006962940e-01
9.365452383907394429e-01
1.780471004044574534e-01
-4.983478242043498652e-01
1.540577979101718231e-01
-1.321851425920213263e-01
-9.318621195732061935e-01
1.108392844028575741e+00
3.075787425024447241e+00
1.069561874643941701e+00
1.224968676552778302e+00
2.626559441852737375e+00
-2.911571915142525224e+00
1.374646864566544613e+00
2.728135346128656713e-01
-2.646643006389255870e+00
1.759278855973323008e-01
-2.232387096826450978e+00
3.164812263502704504e+00
-1.349223882552721410e+00
1.621641935509565036e+00
-1.083940395700085269e+00
1.252480639241585259e+00
1.079332475044197798e-01
1.934428955609552414e+00
1.946375722214092718e+00
-9.280635599309472461e-03
-3.323415040319281366e-01
1.499521869143757513e+00
-1.907653723302669579e+00
-1.533200338871797408e+00
1.153930208383094236e+00
-8.760995479634617333e-02
-6.824596292005755238e+00
4.501709895273853235e+00
2.435129891465769525e+00
-1.547571860736634441e+00
-3.231556983656018289e+00
1.028166103816042121e+00
-1.975057451568275946e+00
-1.800468386308642588e+00
1.988629054788864314e+00
4.633711544849760666e-01
1.675796931429887726e+00
1.525631193458750978e+00
-1.107825751749829779e+00
-1.687722654328548622e+00
-3.823937070591010734e+00
-3.930663523945640558e-02
-3.919851526921085405e-01
9.616486580669770134e+00
8.561948874003941778e-01
1.250501178667123403e+00
1.152336736618644997e+00
-2.081527337755670004e+00
1.699360876370671569e+00
-9.806721918604298649e-01
1.771360349212418583e+00
-1.412310926314278792e+00
-1.231456436536152221e+00
-1.676904377543199320e+00
-1.463210323522887712e+00
-2.618249110949260938e+00
-1.290038453179434219e+00
-7.766355862576579394e-01
1.706448664709583340e-01
5.770602937193175519e-01
-1.127212192148695502e+00
-1.316106464751746419e+00
-5.797047755830284643e-01
1.642200733502498622e+00
-1.811515681324489480e+00
1.143558206134877242e+00
6.209319139640401275e-01
-1.900978007451961327e+00
-1.088507646390529882e+00
2.007912333977500907e+00
-2.223162128155953710e+00
-4.426442923646379812e-01
-6.119177237989709361e+00
2.379424299772741058e+00
4.452766130374478659e-01
-3.365348704472091779e+00
6.255794176945207452e-01
2.671402136621568335e+00
1.517024184398440667e+00
2.706770800326939064e+00
-1.003514936098418131e+00
3.471362287379187173e-01
-3.191862660203366175e+00
3.982086666294724075e-01
1.022090749819813127e-01
1.113135590921961349e+00
-1.194908196338617445e+00
-1.575665053841404539e+00
-4.300655412796093202e+00
1.128966945648794518e+00
-4.916334916796607502e-01
-3.748300603856492330e+00
8.507244818859641677e-01
-5.734622591442004036e-02
-1.758169792823997657e+00
-2.464471334812580405e+00
-2.682072251723892631e-01
-3.352945005491047237e+00
-2.845169335818472423e+00
1.308527383917498899e+00
-5.813529382880060492e-01
-1.154539385981848021e+00
-2.520408882503496706e+00
-4.455410419971930658e+00
-2.461941354781337354e-01
4.708527657771986341e+00
2.663068084446541306e+00
2.283356843092374522e+00
-6.794921468635934936e-01
-4.330090691321937246e-01
-2.998082057640038212e+00
-4.596661724709499852e-01
2.677812562245254657e+00
7.393252068432007995e-01
-2.778254603007393464e-01
-3.269863525413468697e+00
-3.017193114012506339e+00
-2.126858451209185930e+00
2.579650916897130219e+00
-2.180615633984639867e+00
2.046413345028538888e+00
1.978534536682513278e-01
2.466726432450495388e+00
9.271367111085265789e-02
-5.471937729405058626e-01
-1.664404892597413532e+00
-3.893020283068505893e+00
-1.128266025264108130e+00
8.895496426360542941e-01
8.123632307284451848e-01
1.129941572352838541e+00
-1.005541243626797865e+00
-1.837552765754545403e-01
6.142074092938546448e-01
-2.370870124217014652e-01
-3.068839526316069044e+00
-1.767780957106773077e+00
2.297772401971621470e+00
-7.651255960081198015e-01
-4.579456843733366034e-01
5.089698251795485850e-01
-2.756321185227409210e+00
-3.516652658289072253e-01
1.449939508790708265e-01
1.071421270418446037e+00
-6.733198508063713561e-01
-3.486208004547688977e-01
-2.092439905891448682e+00
6.560210112332705013e-01
-7.256559837224021425e-01
-5.647315264891601405e-01
-4.115700487135323660e-01
-8.253096300640132554e-01
1.221058465854766739e+00
1.640283062978064921e+00
2.056223773722255288e+00
1.246398888460758414e+00
3.280705458409056696e+00
-2.798377161284512082e-01
-1.101006326296014803e+00
-3.738379075781394167e+00
-6.258505061476017373e-01
1.360339593254916490e+00
7.614209288679767429e-01
6.861405632998194282e-01
-7.989787175370681727e-01
-1.521908674705309883e+00
-1.942419029028533473e+00
-1.487004901930124801e+00
-4.700607614737977169e-01
-1.207156002099729619e+00
1.494204415371321315e-01
2.570916931920013138e+00
4.128829404199230724e-01
-1.541066592357189569e+00
-1.300772613885443851e+00
-4.615598775496040918e-03
-1.676136218246019105e+00
-4.137205685800427801e+00
3.458366790575770455e+00
-1.622155869972235376e+00
-1.898372666290674582e+00
9.768838667502699469e-01
-3.190588822601512220e+00
-2.238493665003454258e-01
3.187675337237322881e-01
3.525258392195289137e+00
5.736066626451251649e-01
2.745284642502102024e+00
-3.194281684693397239e+00
1.207726615218281507e+00
-3.199311224499340467e-02
1.810705134446970455e+00
-1.722270614499989083e+00
9.254863552222856171e-01
1.133981821721598449e+00
-1.339107421531971487e-01
-3.373014563096030649e-01
1.024036986461335674e+00
3.696069641385321680e-01
-5.277430655526190728e-01
-1.770360335809930019e+00
6.302636074961155410e-01
-2.175820380300009238e-01
-1.653176451362710908e-01
-1.623562445432904511e-01
1.064938030659647206e+00
1.045350185954952327e+00
1.254926268320013749e+00
-5.267380564550661060e-01
-3.009489946132424265e+00
-3.013425268958505043e+00
-6.808693506029741549e-01
9.400333288089141037e-01
-7.974464200688465843e-01
3.467551870206197151e+00
-1.505798048041352422e-01
1.094460705053811100e+00
-7.437827652459519934e-01
4.960461270103982301e+00
7.200276060225013763e-01
-4.304469015008522970e-01
2.930460490252624339e+00
-9.815850272134991616e-01
1.666406533238951493e+00
-2.741741948110532068e+00
-2.336415746268197591e+00
-3.946775148153341406e-01
-2.087068843469701118e+00
-1.683134622827318905e-01
-6.065937189549130970e-01
-6.997532078975665648e-02
1.976476711948898624e+00
2.312312987136807829e-01
-2.198429827705067341e-01
1.430499623662449205e+00
-1.061059588226221040e+00
-1.949488358668182153e+00
-4.801206255596147443e+00
