7.238329248769499458e-01
-2.034841122447621942e+00
-9.025730417047092558e-02
2.339065902337676306e+00
-1.135537744207659072e+00
1.198981407842944213e-01
-6.428095257366638338e-01
-4.422092871588676921e+00
-1.483059748209104356e+00
-2.296809206204053933e+00
-5.509098160571269664e-01
8.587448311958879588e-01
1.411167051276516871e+00
1.054352082481335717e+00
-1.794087252520101261e+00
-1.358235325207516886e-01
1.523102359448806675e+00
-5.662248555947045903e-01
2.874108406369699331e+00
1.125477004222652289e+00
7.601625593714372853e-01
-8.038615975201749420e-01
3.914661274272404068e-01
4.437726181822143623e-02
-1.695369111146011853e+00
1.516644788971403868e+00
-2.747375167146853592e+00
1.496178144469364479e+00
-2.068284501433483857e+00
-5.097434249941589002e+00
-2.959754847358671004e+00
1.745641317569125717e-01
-1.088346283432517936e+00
1.127652737495193902e+00
1.918914555809944300e+00
1.110717144747614515e+00
2.065111352894464236e+00
4.754151852146641488e+00
-6.163564137521067021e-01
-1.416519687763722057e+00
1.560686058567281931e+00
-7.455355670495098508e-01
-9.159538357348172566e-01
3.353868458533864061e+00
1.637994754136063325e+00
-4.323132965100974778e-01
-1.266271314812900561e+00
1.704063416268991826e+00
-3.576371754378260270e-01
1.051982266876426486e+00
5.041186376040895922e-02
2.558892183868075598e-01
-1.874217401602438660e+00
-2.021539921078605584e+00
-7.623726276219683129e+00
4.493646257479594897e-01
1.417924616786319092e+00
-1.331648500099696930e+00
2.250900111587220143e-01
3.321357898829950805e-01
-1.171269364133291635e+00
-1.909882718115666567e+00
-7.411530727142098263e-01
1.911897303294202155e-01
-3.963529727759939725e+00
1.183790717524628722e+00
1.751422871507615886e+00
-4.372194482344276878e+00
-7.947319956169214272e-01
-1.808437434972355540e+00
-1.067727870578085270e+00
6.102442601861229887e-01
-3.122558140304043661e+00
6.987590536964434662e+00
1.976657684438027252e+00
1.793524787111027807e+00
1.904446250233327032e+00
-3.717165117213386161e+00
2.637452331273945072e-01
-1.599164807929845722e+00
-4.929666717403179632e+00
-1.480646869014509148e+00
-1.652775918575625669e+00
-2.515319919936639614e+00
-3.764341007696460295e+00
6.965630898186362385e-01
-1.514172744515730029e+00
-2.981865838164120541e-01
1.364716649546834804e+00
3.353954685924225299e-01
-5.133807748354262124e-01
4.869438030357388647e-01
-7.661668659684880422e-01
7.127316441234993194e-01
9.193067747864116512e-01
-1.901402596826430313e+00
-9.044887293437329223e-01
-2.679810671845242798e+00
1.217290549134035560e+00
-1.158700821120971058e+00
-8.302911540842761173e-01
-3.684766681431931534e+00
-1.927089974776707848e+00
3.458159150771470181e+00
9.554575280755208191e-03
4.106750604987783326e-01
-2.576691199043944280e+00
1.718768406808327986e+00
-2.333392852531094852e-01
-2.247835854804736133e+00
-1.035644593995340479e+00
-3.087495285493563335e-01
2.015741555980541833e+00
9.511763421107910510e-01
5.605954201002288917e-01
2.581967519926821275e+00
-9.563277907874975226e-01
-1.557786933063029178e+00
2.559295162207630980e+00
2.378019926280449781e+00
-8.940333989730598896e-01
-1.160211992522800717e+00
-2.584890474658228854e+00
-3.322961406591516287e+00
1.134297342066294956e+00
-1.674964476491194398e+00
-1.150774311967204699e+00
2.684102883238589587e+00
-3.737540418702549161e+00
2.781339998407947878e-01
1.949022132156003284e+00
8.281138077463081615e-01
1.510516266293079557e+00
-1.760660019468921256e+00
1.178324868665374225e+00
-8.251028562612447992e-01
-6.752719672295528497e-01
2.296030030204532668e+00
-1.874314563861752880e+00
-1.083519584650034284e+00
-9.685224639213307896e-01
-7.471194553355385848e-01
-9.468380329991695765e-01
1.071689472051286396e+00
3.614386224946210646e+00
-2.423818587646173750e+00
-2.068959955996523270e+00
3.628448459101999424e-01
-1.463422856141587181e+00
1.558188738142705976e+00
3.639474956220718482e+00
-6.918145492949274722e-01
1.074330008947589343e+00
8.701045568300495026e-01
3.174035946620856752e-01
3.463292329291179694e+00
1.407490206617062478e+00
-3.081390944008992161e+00
-6.321463512377561988e-01
1.345887045836118068e+00
5.092930345991281804e+00
-6.041397684808553770e-01
8.407389031601363305e-01
-1.498033196735833572e+00
-3.978021460842713908e-01
-4.570220290881210623e+00
-1.497614905131241958e+00
5.571307717129458936e-01
2.351310324719486644e+00
5.988563005503851899e-01
-9.903638553044277204e-01
-4.039754544670933756e-01
2.083322437512953873e-01
1.409782021322492307e+00
-1.257332988907633009e+00
-3.080800373112980939e+00
9.304137934471277127e-01
6.667827202563800792e-01
-6.998340218404938140e-01
2.696699428387305808e+00
1.400293135231258868e+00
-2.474472945368009213e-01
2.138182306582101955e+00
1.359269137003457750e+00
2.450954788614228441e+00
1.689277311712862994e+00
8.748331801629172233e-01
-4.310355217940402550e-01
-2.426322177781361056e+00
5.806789006765405992e-01
-3.208724372113106460e-01
-1.143595590112209459e+00
4.015601501919637606e+00
-3.074405102631215247e-01
-3.970936110404023278e+00
1.391449418939564087e+00
3.259157100413053954e+00
1.275619711393125577e+00
6.886451550928054943e-02
2.943107635715600079e+00
-3.736807011700361780e+00
-1.811258861754192928e+00
3.156203919475318198e+00
6.878139516547578936e-01
4.191913531820024019e+00
-7.969092645415434273e-01
2.432662469312009357e+00
-7.746272569847453271e-01
2.836633418383054384e-01
2.732755636969501190e+00
-4.296599229030876543e+00
-6.489900330634886805e-01
-5.207859058376426153e-01
3.489294995563647639e-01
4.807817562172650439e-02
-1.257323494844940104e+00
1.513435914226491485e+00
6.582771817491985811e-01
1.318684606410548410e+00
4.458502133375895404e+00
3.522701122034193055e-01
7.479904777329021703e-01
-1.137192962054452749e+00
2.399306758406067885e-01
2.697782634823109760e+00
1.846684644700151257e+00
-1.878681046745083627e+00
-1.003344700768827424e+00
-1.328518976094234638e+00
6.397803578945351344e-01
-7.561037460841093516e-01
4.173797645346232765e-01
2.100456326660570028e+00
9.398287948563140981e-01
-7.640083657716737475e-01
-9.603087239440012413e-01
5.616176955832342665e-01
-1.519430166683053862e+00
4.443103492812498501e-01
-1.017271119536068857e+00
1.019430031151997706e+00
-7.199373642880251278e-01
4.026231777014968927e+00
-1.673002671769672656e+00
-1.320987726524250894e+00
1.909049631495220445e-01
3.684572509260058415e-01
6.507127208779940331e-01
1.638681555464720052e+00
8.113714915951034667e-01
-2.204865188318445135e+00
8.824278476436088203e-01
-5.038731581969491113e-01
-1.207932016256854091e+00
4.937980918992577628e+00
-1.372461135377652797e+00
3.462307121496132623e-01
-1.187736449201238331e+00
-1.026622987974836615e-01
-2.301891011176520951e+00
4.036432218108572112e-01
-2.126683369681118041e+00
3.161757901115252789e+00
-7.296875071200057405e-01
2.766006154599373268e+00
