1.217787192829071774e+00
1.507835833309438545e-01
-5.048599043763895011e-01
-1.234415054774993525e-01
7.769366316524968230e-01
-1.598486172524369586e-01
1.503532825350377689e-01
-5.947476572198435729e-01
8.062912527621080017e-01
-6.773562027224538928e-01
2.233941966558244285e+00
-1.634754033084174107e+00
-1.086171605727859646e+00
2.259836154627037352e-02
9.959589226026340780e-01
-4.467072100578374227e-01
1.297287391448789684e+00
3.609843934767530405e-01
1.340977949262684765e+00
-1.167225107208697821e-01
2.237465293490927820e+00
1.874300150203338733e+00
-1.365537167894742554e-01
-1.713664759316844144e-01
-7.781270374774046372e-01
2.761562007720708145e-03
-3.331221551320305840e-01
5.878532705241011902e-01
-8.638160782681580940e-01
9.569832611780373366e-01
7.457335113135805660e-01
3.220766955490262928e-01
1.238854907702243491e+00
-2.242535660281414156e+00
1.625947982074249065e+00
-1.201015406649944772e+00
-9.800645295712052674e-01
-6.221557428118229538e-02
9.055120403397892703e-01
-5.344932775363135935e-01
-8.077351935589890397e-01
-1.848839604377859214e+00
-1.972655552919481414e-01
5.836745684592220540e-01
6.255534259633055427e-02
7.586863785016983996e-01
3.568198004419765867e-01
-4.822702593104261637e-01
9.850804016042730149e-02
1.789156894763211936e-01
1.494158408083524847e+00
3.866110282664823039e-01
-1.387606891816559607e-01
-1.614545871587044434e+00
4.815187398842820654e-01
7.304914414381373788e-01
1.803629226012713360e+00
-1.342690569211008489e+00
-1.307125483442776126e+00
-9.839089788855089058e-02
5.100410166192965722e-01
-8.427834371597137109e-01
1.170686730848662371e-01
1.444263635919071254e+00
8.753322167365225059e-01
3.454669027691855465e+00
-3.407909890037331690e-01
4.526294283884457759e-04
1.452191993669968317e+00
7.824133793069761866e-01
-6.899669830782781954e-01
-1.220867310694662144e+00
1.193309431611344174e+00
-1.401458219682695017e+00
-4.372762652413834938e-02
1.007614084351591943e+00
-2.234604410205917047e-01
-1.086494512502216070e+00
1.589677929952817426e+00
3.346058232837910706e-01
-1.354145340676331299e+00
1.626548047366956906e-01
1.188054820438285697e-01
4.388151186563492012e-01
3.350192565227796959e-01
-6.398202370332413125e-01
-1.152367754745576400e+00
-2.177428082990078728e+00
5.286368383061499365e-01
-1.137185251419963405e+00
2.943195456941108956e-01
-1.407246745220117390e+00
3.520043987650389172e-01
9.060333723751858859e-01
-1.398093935537697563e-01
6.538238203816354455e-01
-1.265264963100679596e+00
-6.552113550191034363e-01
-4.605338127843379148e-01
-1.868396783385255500e+00
6.270778143828865669e-01
-8.104367577945904566e-01
1.471755620865783931e-01
-8.436013745115877871e-04
-5.375486481643400039e-01
2.991606418968997816e-01
9.615995525563256763e-01
-2.849035147758439690e-01
6.995860274784382327e-01
5.937199055085156107e-01
-1.419369920510581418e+00
-1.811040391700498908e+00
8.269971678133244408e-01
2.319720928648571601e+00
-4.191963668534007814e-01
8.485435738079014634e-01
-2.342762929204771361e+00
-7.119784210534825242e-01
1.448162314472648982e+00
7.250763837090380415e-01
-9.721604011905458087e-01
5.243783154763148602e-03
-5.470111830808268572e-01
-3.694160698903996565e-01
-1.226406676862775269e+00
9.346095200468036435e-01
2.379048660740419763e+00
-1.084013470724785488e+00
5.465450358613399562e-02
-5.037722518977798547e-01
1.740274031710382363e-01
3.171289982176550004e-01
-2.431639810140350022e+00
-6.770093929764545715e-01
1.211917813482974671e+00
-3.981334798642388595e-02
-4.152937861172141809e-01
-1.045376501968773075e+00
1.471483798149977762e+00
1.023338461235862473e+00
6.621991017046026107e-01
1.066495289739825658e+00
3.571089318563456794e-01
5.775106499198606747e-02
1.138501552641295739e-01
-2.248125933078967797e+00
-7.706611248662733615e-01
-9.257968635992870343e-01
2.481242266246840966e+00
2.324103452898477862e+00
2.187091702864957243e-02
-2.935709189168714595e+00
-1.784498581492344194e-01
3.607805302763986699e+00
-1.395547533255721895e+00
1.251888354612938015e+00
4.552152182958644766e-01
-9.042602312472375337e-02
1.698554458554430990e-01
-6.839047610505173402e-01
1.201881837234016981e+00
3.709307475594305625e-01
1.963656636950615875e+00
9.794901696987022843e-01
-2.034447671243989397e+00
-4.107177880917515789e-01
-2.025444081355035841e+00
1.140895325497006230e+00
1.822338077039274418e-01
6.554628045162540495e-01
-1.535877118605527114e+00
2.646530997544893626e-02
9.084127257890080021e-01
-1.016723959200928951e+00
9.871494978507195928e-01
-2.848730791783985250e+00
5.790545279991536898e-01
4.726677505156380854e-01
8.175448845720294233e-03
-1.348826535061923737e+00
-1.313560970622152713e+00
-2.180160338800654962e+00
2.388701087145708168e+00
6.764432989764388449e-01
1.237878355543339692e+00
1.922279418478798796e+00
-1.884404374791050385e+00
1.135802832386338057e+00
-9.300329616141773670e-01
-2.228454128349377505e-02
-3.737281601451288626e+00
-4.918032483057752091e-01
1.091759783219231172e+00
-8.069699157738876583e-01
1.261245052497467212e+00
2.807220120104168437e+00
-5.257930265422944283e-01
-2.560702014180222807e+00
5.079575280734381915e-01
3.531539751437393626e-01
-1.204293139451628747e+00
-6.625835065613514541e-01
2.687828828820870708e-01
6.316197104280651953e-02
7.058214124864360395e-01
7.198906300719961626e-01
3.420345609338659720e-01
8.551899329024331697e-02
-1.216599511728523098e+00
-3.883917531558438996e-01
-9.523209487764743297e-01
-2.842636147652907397e+00
1.956559120665330553e+00
1.439240020626249006e+00
-1.551459278698866795e+00
1.445613979876347654e+00
5.152887889776425201e-01
-7.685700122449711236e-01
-1.089606430506750989e+00
1.456239683008452745e+00
-1.611175924401242909e+00
-7.765013404770156891e-01
-7.529738938203927034e-01
2.227040865167247974e-01
1.648204825885572378e+00
-1.285136997324037633e+00
1.592991041768192062e+00
1.763871697283392770e+00
-3.927167430203061249e-01
-1.104026162815088696e+00
-1.091956742667909985e-02
4.378100598289782486e-01
-2.983222960013282576e-01
1.211848954988570259e+00
5.543997499656226902e-01
7.445297965730043321e-01
-1.047938195876847167e-01
7.845451669303702413e-01
1.903392206699650924e+00
5.319735230146748206e-01
7.783740915068974031e-01
1.199477014919287710e+00
-2.876434504498481814e-02
-3.089864785559159888e-02
-2.406345521687849875e-01
2.987781393108975614e+00
8.833634221454398361e-01
1.074172934311853789e+00
-1.868335567353743620e+00
-1.527031865040848535e+00
-3.039686769638886843e-01
1.395430827661404694e+00
-2.061800823015830009e+00
-1.012641866742478136e+00
2.037184529569735947e+00
9.414065781121906396e-01
1.070011809998936858e+00
2.291363381637199770e-01
-3.781247131102231096e-01
-4.219596423240116190e-01
-1.251631628214544323e+00
-1.097577313638616214e+00
-1.796496562332861480e+00
-1.039551116589807922e+00
2.136171437428044051e+00
