-1.082696219646752445e+00
3.880328679872001363e+00
2.263524816397927797e+00
8.975891772582470507e-01
-1.486623895735286749e-01
-8.896079959243774482e-01
1.214108642385971049e+00
-1.994311475051089522e+00
-8.903778537669586601e-01
2.096402764203291191e-01
2.163398537859761106e+00
-2.209662742370864130e+00
3.365785044705389417e-01
-3.634399148121251755e-01
-1.713430063504036038e+00
1.013641798639115965e+00
1.021079449985940801e+00
-3.385767584278591702e+00
9.355131936081431121e-01
-3.959074765825586262e+00
2.271133727444001327e+00
-3.961846417400651243e-01
8.568061668475691617e-01
-1.002227082952673598e+00
-3.463990149924103257e+00
-1.568681837359430453e+00
-6.753455847003008827e+00
-2.562686550028011045e-01
-6.337371481919783278e+00
8.856351123298031869e-01
2.107423703118422864e+00
-8.707587236227175564e-01
-5.045724370874334896e-01
-1.365114474053512605e+00
-1.567719607211478072e+00
4.589698861112044170e+00
2.198348418105397606e+00
-1.492104513962616563e-02
5.042410240736061589e-02
4.925511864362569270e+00
-8.290271908986054372e-01
-3.210064164571716727e+00
1.707755588776961597e-01
1.317792924189398196e+00
-1.016091176791692252e+00
1.110056228401446576e+00
-1.534386664786514531e+00
1.331462956411759491e+00
-6.859324826721197033e-01
1.472861198949064754e-01
2.004020302176544366e+00
-5.366973480392216445e-01
2.414674897005800958e+00
5.803231568704030063e-02
-2.017763745829357802e+00
8.442969820259444980e-01
-3.641058342378715729e-01
-1.731017859201235964e+00
5.162743922634223104e-01
6.925833521654700675e-01
1.856919731475464852e+00
4.708478822213527870e+00
-6.780973889197767779e-01
4.620303531352144832e-02
1.168171157907428093e+00
-3.011706902296019894e+00
-6.133258284289587747e-01
2.242647166401877445e+00
6.310538357751086513e-01
-4.333593838744418392e+00
2.045291826848108840e+00
-2.980296154721844282e+00
4.301961788859656188e-01
-5.722227405166855352e-01
4.622968030755916224e+00
1.761095519230747586e+00
2.319445671793012032e-02
-8.238005557707539506e-03
1.987392080817620421e+00
1.178708137793915478e+00
1.539056230574026074e+00
-4.274020808625144108e-01
-4.293820973256858298e-01
3.782763874473531018e+00
2.027439622496578497e+00
-1.052581293246186878e+00
-4.638715525385959992e+00
-6.780325647217669838e-01
4.271362342466112239e+00
-4.330718442537704882e-01
-8.259205631736589170e-01
9.219872557669045454e-01
1.046897550161482171e-01
-1.580006963053919966e+00
4.656559050434068425e-02
-2.208093520434965207e+00
2.334544045649761479e+00
-1.013106264367347187e-03
-1.137329189331199419e+00
-8.233866777396990910e-01
-4.834770705853852490e-01
-3.219235969786480744e+00
1.601334834434595400e-01
3.937916589633853715e+00
-1.678923654553931222e+00
-1.826037014306099326e+00
4.175046723339879140e-01
1.664227212316276461e+00
-1.013253109827837450e-01
-3.381913648959801177e-01
-9.404093683860405006e-01
-4.316573873586111887e+00
-4.414301976925313897e-02
1.292469720728555371e+00
-7.759407680325216106e+00
-5.368015662534145194e-02
-5.482077578956847663e-01
-1.907020546081946710e+00
1.673388820926457798e+00
2.782468804247384853e+00
1.810788266496314636e+00
-8.700157009305868883e+00
3.487352407787584763e-02
7.984633841626184170e-01
-1.355053023065176943e-01
2.860761833848231905e+00
-1.196579683400874616e+00
7.152363293361242436e-01
-6.328776589510544115e-01
-1.592452305785406086e+00
4.894557708358832748e+00
-2.300927903278961184e-01
-1.136497304327484636e+00
2.929177104408512977e-01
8.197641511588528163e-01
-3.732336396133070888e+00
2.667269808959460420e+00
-3.288822835131012479e+00
-1.820184457129174094e+00
9.977488519553890933e-01
6.991726467019362401e-01
-1.755114515768039229e+00
2.553438868090223690e-01
-2.554329671676824454e+00
3.984220234964689911e-01
-2.484395760192070479e-01
-3.233362602235843486e+00
-1.197150573886341940e-01
-1.219319038364268026e+00
2.429842118842142629e+00
1.531174764707429636e+00
-1.211832458465781581e+00
4.733717697140593650e+00
3.064431835285810202e+00
1.173935403860459914e-02
9.378220113988557927e-01
6.712836896249952945e-01
-1.146189646763588144e+00
-1.164928803037557525e+00
1.788308015734193235e-01
4.614106120081947537e+00
-6.044757502044546815e-02
-1.277218881552562690e+00
-3.092289528369088103e+00
-9.115690358077799260e-01
-4.142660328857776797e+00
9.221515322473697873e-01
1.685635556853886996e+00
2.517959036224355795e+00
-5.660185797098133964e-01
3.467427351083148146e+00
2.010021920194168032e+00
1.773478426875407132e+00
-1.347242401758609098e+00
1.024832250953473300e+00
2.435654687546724873e+00
7.756504520985726403e-01
-3.870173321998974902e+00
3.159235977577637300e+00
1.421469307161307816e+00
-1.392998480500589942e+00
-2.622914045045297460e+00
2.889364996085403425e-01
-1.403615527859769951e+00
4.321399663037007732e-01
-1.579636651025412508e+00
-1.097492879712442582e+00
-3.336916182639814377e+00
3.430462237524593228e+00
9.172399586202697463e-01
-1.129303787269096748e+00
-8.676377309784563119e-01
1.502951701976566135e+00
-1.713475124012334705e+00
6.692651832842385629e-01
-9.752822865330460500e-01
2.504613711214864757e+00
-2.533457324837284919e+00
1.615900838298033881e-01
-8.536820977293270829e+00
-2.559726804570034542e+00
-2.463701794040615844e-01
1.003219609383370514e+00
-1.693877011446902170e+00
-1.650870220792390874e+00
1.115361339877960267e+00
-1.982967894319638824e-01
-2.747683033271655084e-01
-3.572324254456780146e+00
1.701877843671023349e+00
-2.664689572067890366e-01
1.359539462645923180e+00
2.786514959825091342e+00
8.728410516309632605e-01
-5.112867103509625366e+00
-5.901718848536223749e-01
7.463630505655179936e-01
2.047028198580739478e+00
2.368443232445339053e+00
-2.377597123985520366e-01
-1.340687844269008888e+00
-4.797262514401120503e-01
2.055285124614476544e-01
8.152129506272776105e-01
-6.433066264328246575e+00
1.962721325262856698e-01
9.003840939218772377e-01
-1.314120271550134333e-02
1.331321248542961452e-02
-3.885232081053398456e+00
-2.892649403327505198e+00
-8.012028228577998679e-01
-2.949247531476734796e+00
9.190142375237920769e-01
-1.219179908013185321e+00
-5.483534824498449423e-01
2.550924314648754798e+00
1.620456849114758624e-01
-2.060937647042785148e+00
5.777382005083631089e-01
2.912943640977864401e+00
6.474210283448054160e-01
-1.036739870372666461e+00
2.526632871209828490e+00
-7.945721630074857877e-01
4.994464383946631614e+00
5.125444000905474695e-01
-3.478986403978257536e-01
1.701632665196192440e-01
-3.773774505779654564e-01
1.096066020854105316e+00
1.852125804991291425e+00
7.327942593225883483e-01
3.175950250521071716e+00
-3.104980073610261293e+00
-1.940368378808935979e-01
9.153699434866147122e-01
-2.031927920361954687e+00
1.802065995047829605e-01
-7.441879108284187305e-01
-1.077214276822639594e+00
6.158636342867424673e+00
1.367966373047796891e+00
1.102935418546979962e+00
-2.535774813284892737e+00
