-1.069153993796178925e+00
-3.111548654373633482e+00
-3.635621141978855331e-01
3.138155502570110222e+00
-4.930343130873854340e-01
-2.221733175166493268e+00
5.767349546576309161e-01
2.650523559735880608e-01
-2.615967924768972441e+00
4.588062985025240584e-03
-1.379789080847640514e+00
-1.668371483563571678e+00
-2.233301549777693129e+00
-2.206634082777635175e+00
-2.882379453874307274e+00
1.250545424539150963e+00
1.287098050785266734e+00
4.116510285259415092e+00
-1.416883018748968659e-01
9.568165225641459548e-01
4.663736734609784662e-01
-3.850813042790612872e-02
-1.146228866184955342e+00
-1.281326992740028925e-01
2.502029485241323403e+00
5.333999305704937299e-01
-1.733820584122001796e+00
-4.266248923666758897e-01
-2.113715788699754849e+00
-2.347803521700022600e-01
-7.035619903221876359e-02
-1.025193892068087864e+00
1.092069802524155753e+00
-5.039354516366007175e+00
1.287808205780720749e+00
2.106755179943005984e+00
-1.580802777234831424e+00
1.246471697773604559e+00
-4.382878761296944425e-01
-1.934765280121011788e+00
-3.695235382961358450e+00
1.660852124873883895e+00
-8.540750386899930158e-01
7.839551600538624543e-01
4.469329498856717819e-01
2.175543136575373460e+00
1.445123514208425552e+00
1.554033061728265830e+00
-5.692337051914775348e-02
-2.269114494429130546e-01
-1.253967577984651749e+00
3.211289064088435063e-01
2.230933805367414813e+00
-5.131788381334905225e-01
-2.064951735238508057e+00
-3.734735752444307000e+00
-1.917948762661988660e+00
-1.665749202165445642e+00
-2.014960402539559325e+00
-3.089677133104135054e-01
1.522071244793179456e-01
-1.303359151551157558e+00
-6.222126191340844603e-02
4.204048609002317138e-01
7.956711867893011547e-01
-1.191348405188701109e+00
1.386417348728409271e+00
7.826002481520299980e-01
1.649739313504758220e+00
8.420389813669586221e-02
-2.678628673470973887e+00
-8.079884565769912541e-01
1.678158119274592464e+00
7.570266682211053144e-01
6.936307662674843222e-01
7.836943537694800455e-01
-1.370096139890986553e+00
2.209716573922175353e+00
-1.216656698089958910e+00
-2.768655328605039045e+00
-8.843461277663716702e-02
1.576405753807388344e-01
-1.380900296790828485e-01
7.410539974151279796e-02
-1.465853541058831588e+00
9.147628106439712470e-01
-2.996313324917406207e-01
-2.274716604422228450e+00
-2.109220905121413026e+00
2.302054423583030918e+00
-7.234499260591475966e-01
1.185333593851493728e+00
-7.603318457134746744e-01
-1.046313934711760263e+00
-3.257226503161921305e-01
-2.183127291236242606e-01
-7.005021476116819468e-01
5.160384443017450584e-01
-2.726050157654986705e+00
-1.367257770761230784e+00
6.398865187339107807e-01
-4.380341846383157267e-01
4.516892775891787060e-01
9.437130805389503108e-01
-6.012555916061479433e-04
5.920674682460539406e-01
-1.853014546956175179e+00
3.227870054870272565e+00
7.595669424309388074e-01
-3.712692577643900704e-01
-6.041575615393722787e-01
-2.191906017491095593e+00
-9.641094974390542749e-01
-2.977176491553847892e-01
-2.080500359628493001e+00
5.577795339232348715e-01
-2.978477751317721856e-01
-2.565901490397047624e+00
-1.234157982194130421e+00
-9.916821600093298494e-01
-1.178661811207985632e+00
-9.656300829131683194e-01
1.548994322898398890e+00
1.457228738798379997e+00
-7.417223927173394182e-01
-4.134688590591342194e-01
-1.178631864251483696e+00
-6.420596202229632565e-01
-3.845571329354545931e+00
-1.608901541902370280e-01
6.820351169426406290e-01
-2.127115277913900648e+00
4.568386054381760042e-01
-5.940432218972104828e-01
5.714333087666197963e-01
2.144325603842335504e+00
-3.172309499540483801e-01
2.970735005669344897e-01
6.511203553724365101e-02
-8.195198144618084379e-01
-6.172513585640863054e-01
1.468769227152545431e-01
3.636267470830089055e-01
-1.244467123103115247e+00
-9.764788339991060939e-02
-9.214514325203756462e-01
-7.250185684939264297e-01
-1.524866318696364020e+00
-2.276985129354756054e+00
8.051664375954210584e-01
-1.095336554383717242e+00
1.170872484772449651e+00
-1.127616511707277974e-01
9.860754381057885709e-01
3.243599890179485468e-03
9.001407240038141744e-01
-8.983497805232847355e-01
-1.316974570368846686e+00
1.207840154264492316e+00
-2.368006223609758987e+00
2.714735534850209131e+00
-1.001597809444303433e+00
7.504400980506351071e-02
-2.389412169515524376e+00
-1.482819299199558571e+00
1.718450287630503559e-01
-7.979527169861040381e-01
1.858267669372534736e-01
2.246215396478915327e+00
-1.622858040574229666e+00
-6.588511618036205775e-01
1.322046323027455117e-01
-1.353450600041084195e+00
8.095131750209868526e-01
1.385252215553082200e-01
-5.030585956612299015e-01
7.229520583077164719e-01
-1.041759792908891979e+00
-5.932241711749880464e-01
-2.305653789367249740e+00
2.304542895355506271e+00
6.138022192788025855e+00
-1.475357832635036281e+00
-2.411615084562371170e+00
2.843091886208326091e+00
-3.568821014324147889e+00
-1.273862423549940281e+00
1.475855632181758414e+00
-2.419969258312673066e-01
7.417249924945107376e-02
6.905610719200107050e-01
-3.222381268625427175e-01
4.027638962163362923e-01
-1.306940195840090357e+00
-9.845306458959817153e-01
-1.279950414275701442e+00
-5.226271764935054298e-01
2.570485000842248624e+00
-5.272651463300730423e-01
-3.967785326188213446e+00
-1.527828519608576130e-02
-9.921258446138322418e-01
3.047862983157339833e+00
-2.274213553057320869e+00
4.705123994127414777e-01
8.722342707926409311e-01
-3.511419453657448120e+00
-5.327887707633970349e-01
-4.641274505713773202e+00
7.423580947381986928e-01
-1.226042823969905882e-01
1.780644221716935593e+00
-1.061882608153123631e+00
1.855184352129093828e+00
-1.657045034730910471e+00
-8.139820071157494175e-02
-1.020224960367604183e-01
-1.293962449026212269e+00
-9.378597630454960088e-01
-7.898271437266202177e-02
1.119102057779166381e+00
-1.447658972886438189e+00
-2.663757253695475113e-01
-8.099572429303850685e-01
-7.753213394085709531e-01
6.299973744657386687e-01
6.953532117760413689e-01
7.421329118774386835e-01
-7.815910324374143736e-02
1.458409867384441672e+00
2.786865857174242400e+00
6.110436389107190003e-01
-1.916267815593407198e+00
1.444836162907403798e+00
2.078772025448632377e+00
1.754121399720992125e+00
-9.054463575575345535e-01
6.609656291674146367e-01
-1.692010105381895058e-01
-1.359909736547781245e+00
1.834257069266494455e-01
-2.767934842505987980e-01
-1.364084051944646658e+00
2.999585165513785068e+00
-1.062038292654054888e-01
-2.191536656360490443e-02
-1.067216157717087333e+00
-6.933092891666556845e-01
6.472614302221532112e-01
8.120750006758019612e-01
-2.075454274541287170e+00
1.241530645091724727e+00
5.678108938300476805e-01
6.633994781371153060e-01
7.010284194773932498e-01
-4.324144478468655017e-01
-1.922775740724707028e-01
-3.527248339262682553e+00
-2.298106576310405824e+00
6.512539867982416464e-01
1.232133880054333996e+00
-7.283701121981522864e-02
-3.372869069151979149e-01
-2.479502831126086715e+00
-1.832373045654058341e+00
