2.202793787085223887e+00
-1.109706476487089422e+00
-1.194762036189360277e+00
3.963634395734375815e+00
3.076158073367801116e+00
7.045221792817620843e-01
3.090787527975141780e-02
1.799862734250241569e+00
4.401787180394234333e-01
6.716052141091427563e-01
-6.904017420961157114e-01
-5.196084613097883276e-01
-1.406770813404377707e+00
1.701519632414097316e+00
1.289132765950361970e+00
1.976360515750995583e+00
1.097798073660681162e+00
9.768709110517171945e-01
1.562881556641370073e-01
-8.999582677692957722e-01
3.058662870242995435e+00
-4.656117901926829644e-02
-6.773761742661649210e-01
2.031139956205353148e+00
-3.542001899434970458e+00
-2.122245826236852650e-01
-6.317281891859024556e-01
-1.296935900998645863e+00
-4.348151710109074419e-01
1.437007012528807026e-01
1.280856150154409123e+00
2.156259773617034692e-01
8.053099128711903587e-01
-1.338422128069733485e+00
-2.313369795578719690e-01
5.908468907379486268e+00
2.499118446104454883e+00
-5.925926220522895749e-01
-2.349908353079839252e+00
-1.895477897942946077e+00
4.440384905482014366e-03
-1.285075620960047349e+00
-3.875455456312698610e-01
1.686712991168081821e+00
1.534441565906743854e+00
-1.277249032066019030e+00
1.405814754941135947e-01
1.328106172255197670e+00
1.152092680043468986e+00
4.300544049235801025e-01
1.165412126191935238e+00
-2.026040062890974713e+00
-1.568440560710366027e-01
3.924927409094628228e+00
1.792923990851751803e+00
-2.962695895792912371e+00
3.832663606910872156e-01
1.795664522303842991e+00
1.852706403672299773e+00
4.089974705679805256e-01
-3.583586114385270971e+00
1.714625950734547100e-01
-2.345420539089466239e+00
1.659645545562769664e+00
5.216988341117122507e-01
4.271115335408667835e-01
-1.368355063488134182e-01
-1.893199117673921572e+00
-9.052418808602146205e-01
-1.100943261402906659e+00
-9.476368983959597703e-01
-7.927837065655006787e-01
8.420192806024886512e-01
-1.527650438768178187e+00
2.033197039998760225e+00
-2.499454608344722217e+00
7.055675892351120915e-01
3.800300115720759431e-01
1.674384087642792673e+00
-1.110326983649819743e+00
-2.748191019831640158e+00
-2.167737778584755581e+00
-1.200921774779032114e-01
1.096734588681343103e+00
-2.538459238715612631e+00
-1.212197504726893138e+00
-1.056676945559561931e+00
1.436132858071327845e-01
-2.873229985107903506e-01
5.183757994373225930e-01
-4.647861305402532395e+00
-2.167822154259011924e+00
-1.008407559443974533e+00
7.933654484465216816e-01
1.547830712704208578e+00
-1.824197811080738196e+00
-6.123100180967929740e-01
2.975847261671154875e+00
7.889926548707495435e+00
-1.698659616560403096e+00
1.713425862075562023e+00
-4.418748576056279465e-01
4.593510260557284397e+00
-5.669458695131885939e-01
9.931299733326184320e-01
-1.612119081603776705e-01
-1.668804164658486799e+00
1.641916700275167340e+00
1.437220034036840455e-01
-1.613553018784297022e+00
-1.022042615449169300e+00
-3.266574101196127788e+00
8.553616585100027869e-01
-2.746946616199203439e-01
3.432202496731907360e+00
-1.644662991327856094e+00
2.695498590599181288e+00
1.803043565285328498e+00
-1.703573834548965105e-01
-4.508839307590205014e-01
1.214407617443512999e+00
-1.179061723838283227e+00
-1.079817637323759127e+00
-2.729014703827858934e-01
-1.622435689221664701e+00
-1.127162255483571185e+00
1.975454982454132535e+00
-7.248870105847361467e-01
1.619139610287308795e+00
4.856800090878650444e-02
-5.895607666996368623e-01
-1.749511332698055588e+00
-3.943367079355783122e+00
5.030524256060989186e-02
5.544229974398327876e+00
2.360400929695740224e+00
1.153499719403883406e+00
-9.709337313157409000e-01
-3.370735929028430278e-02
-1.477312869024496544e+00
-1.376084822227619187e+00
1.801041358837277340e+00
-4.788909542864635549e-01
3.538694738035275122e-01
-5.427296823043217255e-01
-9.130905683500669667e-01
-1.247663908082514483e+00
2.295302484372305329e+00
-1.069870215941120639e+00
2.661962121002000581e-01
8.919821398066416496e-01
7.123124690376672064e+00
5.253646741248853225e+00
-1.081469252058525399e+00
-1.345951956535610394e+00
3.478386875353253749e-01
5.838154325710608106e+00
-1.313105090730890101e+00
6.373864752593384253e+00
1.403909837466342569e+00
3.898110421875963905e+00
2.299379930218654888e-02
1.324464048196816623e+00
9.687092312607199496e-01
3.693062887973946329e-01
-2.078727727288838534e-01
-6.490296636874579583e-01
-2.198483981091527428e-01
3.624222038812117574e+00
2.127910279750026223e+00
-9.646713018338904932e-01
-1.549274236740647015e-01
-2.248318886611153200e+00
-1.418671490566915772e+00
-2.205126621141684673e+00
2.601437847036636164e-02
2.323529841866772472e+00
1.885200635528332835e+00
4.096427786427677908e+00
3.129434721733451719e-01
1.543400862364716630e+00
-5.288460236188630148e+00
-2.273719342337152227e+00
5.233402148646345786e+00
-1.112410727974837643e+00
-1.169354449317672406e+00
1.248864444891033543e-01
9.918633385657286139e-01
-2.482128594099716423e+00
-4.845919378140080280e-02
1.140172128611686375e+00
4.321347491339583291e-01
-1.608319081721796051e+00
-1.611766077192214042e-01
-7.559137900224401907e-01
-3.688348624651853758e+00
-2.316735615864815578e-01
1.869626694868691819e-01
1.664815496346502499e+00
2.614622436867618749e+00
-1.586600880977682815e+00
-9.274271973028515026e-01
6.381198528913268886e-01
-7.036844954398013829e-01
-2.884914016036212558e+00
-1.411005145193491739e+00
-1.955205277236286843e-01
-7.758704526578566352e+00
-1.393358258122936100e+01
9.925475927147139887e-02
2.002029333734064664e+00
-1.135327234916685191e+00
-7.074580875472209485e-01
9.591070539946898732e-01
-2.399903060124812804e+00
-7.561848006613508533e-01
-4.173345167732614991e-01
-1.028908782774134778e+00
-1.390488729180878735e+00
-3.394148501480730662e+00
-1.657877267477206873e-01
-1.271873163591104028e+00
-5.691444513580591336e-01
-4.812227109176163253e+00
5.937598395977607968e-01
4.967225448496065399e-01
3.100521990335652900e-01
-1.494934043537581081e+00
-1.449625771768849880e+00
-1.583562519449527750e+00
-1.473831289629470298e+00
-2.992315461230886431e+00
-1.545732308784676934e-01
2.583234365439695868e+00
4.140315215028558815e-01
-4.104565562401972789e-01
-2.788568727849545681e+00
4.000377236615756615e+00
2.616791350921846782e+00
1.589363358297871009e+00
4.727466447355863632e-01
-1.187476211077928445e+00
1.909598821381007339e+00
2.547229258604124968e+00
-1.152281297036692465e+00
-4.342257304497199044e-01
1.831225314146912808e+00
5.658910754341583971e-01
4.123554918848302275e-01
4.434814433621616647e-01
-4.784112372589241602e+00
-1.800846550766624476e+00
-2.128777472517235481e+00
4.260810533683980772e+00
-1.678589928103327189e+00
-9.422458854761831537e-01
-9.313710480156116578e-01
-5.180429850234227196e-01
3.524571639453724092e-01
1.147703521247074532e+00
-1.619786728357994754e+00
1.089775889878282555e+00
-9.711819484761488042e-01
-1.626951634505854116e+00
-1.932520470128802570e+00
