1.514555209416117432e+00
-9.188809040493937097e-01
-2.388576765820364489e+00
1.092220132992343107e+00
3.844767145520811558e-01
-1.546222554418194006e-01
-3.124381105298585926e-01
1.790078480817400286e-01
6.490627047625021628e-01
-1.675632699385299906e+00
-1.842939105024815061e-01
-1.418264452039722956e+00
-6.825984989539988224e-01
1.442117041216196993e+00
7.034874136159344760e-01
-2.907993323069753888e+00
-7.479668523719014139e-01
7.342940217144823256e-01
-5.395441445566732108e-01
-9.069696294318438379e-02
-2.671074057523464829e-01
-8.217306189462840749e-01
4.725114629630056684e-01
9.036130289284007855e-01
-5.907670196425804932e-01
-9.376724813047470075e-01
7.091456347252184100e-01
1.298766996256786266e+00
8.942160660981162135e-01
-8.992735551871799959e-01
-4.453160191057232709e-01
2.469973459525003356e-01
-8.118331589578398066e-01
-1.606670782128247987e+00
-3.416059900701287622e-01
2.280857078496735468e+00
-1.535740699890594918e+00
1.566862938987257481e+00
-2.144005901555317006e-01
1.669735519393619749e-01
-9.366286731272317478e-01
-1.995486157998215937e+00
-1.546645665536221959e+00
-1.805817718525063453e+00
-7.488731589107930908e-01
4.315483681850401099e-01
1.966889548003031063e+00
3.682856740859972722e-01
1.636592529960979814e+00
-4.157529821080481192e+00
6.387794174715353268e-01
1.938715255086724154e+00
1.441268968121365512e+00
7.285954608712689184e-01
1.142211506610766314e+00
5.554227856543846542e+00
-5.053286650892676590e+00
-3.011060068857025929e+00
-1.931925662042849601e-01
8.749873833602443973e-01
-3.648101858633445715e-01
-9.067506352889063148e-01
1.945061001012670543e+00
-1.106657038304650342e+00
-1.509732279994934201e+00
2.284136224893692502e-01
-6.818041501049613984e-02
2.896586244480539585e-01
-1.099739193987679720e+00
1.417432184262506834e+00
-1.056094074158513862e+00
4.352978680298593694e-01
-8.849415573151164782e-01
-9.978905108588127792e-02
5.861430880636214757e-01
1.580147288376934300e+00
9.308720872887887854e-01
-1.232156041718143469e-01
1.362972595288927322e-02
-2.772458853296328463e-01
3.148119985646982144e-01
-1.138573418477281995e+00
-4.054004907186161688e-01
-4.485943022700982774e-01
-1.790020806639545936e-01
-6.392320127555437548e-01
-1.047646660820576781e+00
2.813899317966069624e+00
-6.089120311688360765e-01
-6.484499387148117133e-01
1.349291592330570611e+00
1.184956363037324323e+00
-1.467875467472292028e+00
-1.376727856677725681e+00
6.423310171962943738e-01
1.169705830578633865e+00
-1.590331977004812325e+00
1.149112102460071450e+00
2.935293554355958290e-01
-3.402923005253616351e-01
-7.167224884073247759e-01
-2.908759255458438497e-01
-1.154945613239552360e+00
-5.589720985602499859e-01
5.477878853514568380e-01
-1.532070724774647008e+00
-7.086823764016219052e-01
1.462460693118663446e+00
-4.672056116807948856e-02
2.532149033849431241e-01
2.105994498072752297e+00
-3.856306156399004204e-01
-2.949918355130787817e-01
-2.279310988458281173e+00
-5.131549341248973217e-01
2.227212829012131134e+00
3.259991422845170961e-01
-3.451705227515382557e+00
-6.268200758134898631e-01
-4.277953936511672550e-01
-3.826837966614303199e-01
1.384439954427701736e+00
1.491379007381807009e-01
8.998727489696551896e-01
-9.716563851592435741e-01
8.989114043460493253e-01
-6.443264253218454751e-01
-1.949543723263341466e+00
3.149735742422830942e+00
-7.079621126576858270e-01
-1.566371023783192262e+00
1.209408029567714316e+00
1.232898189572200431e+00
-2.396248493094787158e+00
2.835947705243692107e-01
2.586567897379440928e-01
4.111694102938300288e-01
-1.540266181594558415e-01
1.444305341801018994e+00
8.287714678273696567e-01
-1.647753665336797901e+00
9.924617790522751726e-01
-5.668308741449494814e-01
9.123125579906494753e-01
-1.307094288537152260e-01
-7.870618811538712123e-01
2.801720669410455722e-01
-1.400855560883095041e+00
1.206190962825474777e+00
-5.422295324363293756e-02
-1.514681339142506689e+00
1.432012934136826843e+00
-3.559237044755892754e+00
-4.355688936715095272e-01
1.520786157110724512e-01
1.752409818056712920e+00
1.380292420465750292e+00
-9.703430487006081684e-01
5.024507746887876269e-01
-1.177002036967663035e+00
-7.568802458464379823e-01
8.816254075491042341e-01
-1.194611995036212626e+00
-4.817502214336796262e-01
-4.994042159039514539e-01
5.668090296626074887e-01
6.050123002877293155e-02
-2.815199345903003803e+00
3.929484140698737971e-01
2.992885868721196774e-01
3.256433593164349549e-01
-1.650722407104362466e-01
-8.743436534320813136e-01
9.198030052878126972e-02
-1.256266616700826955e+00
2.073126844858686813e+00
2.301104699724110247e+00
1.050527236928585628e+00
3.844926306391192594e-01
4.651936820116351345e-01
-1.151305038844890660e+00
-2.748630470005867021e+00
-1.144242286519709523e-02
4.169436383662472601e-01
1.924850741458482117e+00
-1.680656988573327126e+00
1.841962747889091645e+00
1.353303108730684601e+00
-1.406733391085584595e+00
7.710712630719472882e-01
1.133967759412699561e+00
1.241939557362602198e+00
-5.781275348294477867e-01
-3.329309644070173602e-01
-1.965564516821197927e+00
-1.204301271144536528e-01
-7.950164776911914366e-01
8.383653116995934962e-01
-9.106241493181592705e-01
-1.042736514615162813e+00
-1.763121057554380144e-02
-7.508305200916707278e-01
4.445596899217373887e-01
5.185557806697500549e-01
1.011264076802297573e+00
1.440578891037960885e+00
-1.191558448451929264e+00
-1.465689202152580528e-01
9.396411984346846324e-01
3.584609492332190506e+00
1.214292818846157695e-02
1.273839180575069951e+00
3.612288366610467150e-01
2.134934268830972037e+00
1.046504209371179828e+00
2.648554579801805531e+00
-1.228696821315045984e+00
-2.019923212947237090e+00
-1.492052955859088925e-01
1.559425844377591241e+00
-5.480915651790135845e-01
1.054247070498070427e+00
3.861227828020544983e+00
-1.348529813911567787e+00
4.146458057471688607e-01
-4.603935307293384183e-01
5.054247197162695660e-01
9.514213288755429820e-02
6.848048112182514302e-01
2.095046540986402750e-01
4.352886955974476280e+00
1.011285456626435320e+00
-9.274402070567058232e-01
5.788770556011473278e-01
-1.342364000009329983e+00
-3.438252893888931183e-01
-1.026497945799449696e-01
-1.685751477202855619e-01
-1.061492295080635362e+00
2.018237659381188820e+00
-2.725984566749800830e+00
4.036611696339339694e+00
1.637431637894325887e+00
-2.084449944182523495e+00
3.873461207933016071e-01
8.408893334930317431e-01
1.057481293000046341e+00
-1.094632292684923014e+00
1.188852417060172334e-01
6.915612229717786885e-01
-3.150194991176138992e-01
-1.353843549190181461e+00
-1.403154430074157411e+00
4.536206175302984894e-02
-2.499688945032971787e+00
-1.560286778760433535e+00
-1.515638768223959598e+00
-1.152294671568971030e+00
1.576754921523980668e+00
-2.269032960923829556e+00
-1.825976906573349767e+00
1.207980225194341450e+00
-2.726641996093595477e+00
3.451702550355209009e-01
-9.218318631747837166e-01
