-2.338721762862266740e+00
3.498648425187349531e-01
-2.859081922067245429e+00
-3.245777722769176865e+00
-2.702963815025727357e+00
1.842292137061440460e+00
-2.240323061590221432e+00
1.133033579709167432e-01
2.517474500239370361e+00
1.929964992608364849e+00
2.761754321881169094e+00
-2.326654891639691414e+00
-5.312377599529745087e-01
3.674180945824835343e-01
2.983555085522829664e+00
3.722605540761672049e+00
-1.131927223407211303e+00
2.965135537683799782e+00
3.227895552798570655e+00
2.225237168542736760e-02
-5.601068018515843461e-01
3.386618133341873227e-01
-2.202326290405035358e+00
-2.293827483301126513e+00
-1.022028038562176055e+00
-2.817838831957039325e+00
-1.510941271371302852e+00
-2.690881505982201660e-01
5.563287453986868192e-01
5.892187014771512743e-01
1.206427766277112790e+00
4.171201893583305065e-01
4.530130962767774605e+00
1.525903082574829872e+00
-5.332788170523922178e-01
-8.686919591438080346e-01
-4.798150521760620180e-01
-1.585718364144308723e-01
-2.518181137605817743e-01
-1.548005039803394212e+00
-9.217092722792510351e-01
-1.813417477090669028e+00
1.759144902784994136e+00
-1.564796768431411800e-01
-1.108202391110725937e+00
-1.352230317679656402e+00
4.323266662935547622e+00
2.177769312961715387e-01
2.965646440543911133e+00
-1.258447602810822907e+00
7.694646687221684545e-01
1.154740578014353147e+00
-3.817408208064991815e+00
7.568662557557312986e-01
6.173679008554850967e+00
4.218895449148785559e+00
5.977806478656829681e-01
-3.044873015745942491e-01
-2.042345710733668884e+00
1.923440647638252177e+00
-8.113318332453972603e-01
2.016462057171466427e-01
7.256441782542958352e-01
-8.758541574059267587e-01
1.694707186300307145e+00
-9.729443618442825681e-01
-1.955364298136587298e+00
1.163470358200572097e+00
-2.010614945063522452e+00
7.781878507003705536e-01
3.849869937042577073e-01
-7.661195833217209206e-01
-1.642587954985876397e+00
4.704272183556635900e-01
3.995321271257292306e+00
-4.404522558162932699e-01
-8.329492926302854983e-01
5.615732309789646104e-01
7.231739061265802793e-01
3.653087082792109808e+00
-6.900845054859018335e-01
1.591283386168741432e+00
-4.594224210820143650e-01
1.181486119406618851e+00
-4.693251786444536666e-01
1.287857535190854774e+00
-9.004882201843320555e-01
2.391817037940032753e-01
-2.222656814362952371e+00
-1.681999608274383995e+00
1.213357178521185187e+00
9.316958895399849450e-01
3.057629514195498555e+00
2.079356679867149893e+00
-4.640811903262964111e-01
2.174753763309840604e+00
1.514484242906584566e+00
7.453752329406916344e-01
1.994451457726299726e+00
-1.415132968271397118e+00
2.967262397069441615e+00
-2.333052823933958742e+00
-1.124269264976254679e+00
-6.096512879399090812e-02
1.451666961218057494e+00
4.734591541783789714e-01
2.604984431653004417e+00
-1.463178654043094662e+00
4.810991963044184416e-01
1.977956852560275758e+00
-5.079511777960791008e+00
1.746732885038206673e+00
1.660340287335953624e+00
1.252706455697883525e+00
2.449552891133164767e+00
9.440324007183494848e-01
3.380883671369374621e-01
-5.544022442751579405e-01
3.655273288498932960e+00
9.596132137088904113e-01
-8.539652272609087325e-01
-7.478387302984172980e-01
-3.433786327433806296e+00
-4.157139239722429380e-01
7.034280894116844429e-01
3.369954856607766391e-01
-1.762078045711950314e-01
-5.398132421522180202e+00
-2.002872324428539574e-01
-2.825393144893350250e+00
-1.964643085367657305e+00
-1.681595940624773577e+00
2.444671627286384208e+00
-7.733672605158568025e-01
3.853256336980775965e-01
-1.738663665161168659e+00
5.510316525149128175e+00
-2.155860156863028454e+00
-2.287686204155780778e-01
-2.811110981305461998e+00
-2.589509828442488892e+00
-1.558717454140194469e+00
2.459359926710528832e+00
-6.478532985178256931e-01
-1.559618989406558631e+00
1.725480745843669395e+00
1.398551617543358550e+00
-5.512474343736231575e+00
-1.184678717887958976e+00
6.912886199091962114e-01
-3.154248415708404529e+00
1.620293270711581357e+00
-7.647174985729189300e-01
-2.332694780553579594e+00
1.541365005070266303e+00
-4.985957010387996213e+00
-2.308846161490744731e+00
3.430131683110796637e+00
-5.725400450232115412e-01
3.289244281432419648e+00
4.222359711722579734e-01
-6.801520455836149726e-01
4.318200744484820830e-02
-1.812845025069102778e-02
-2.064036160971710054e-01
1.442749936927309573e+00
-3.695302828553595376e+00
2.796494978756082439e+00
-1.970411450266989828e+00
-1.707540586859781273e+00
2.336653019314058888e+00
3.926034956272173027e-02
-2.105501493469498497e-01
1.028782625221951186e+00
-2.909180077883869231e+00
7.374102712651987801e+00
-9.195512474975192641e-01
-5.580388750987914648e-01
-5.454162873547639734e+00
1.393738197247893496e+00
-3.098200853488127127e+00
2.229080581242251835e+00
3.385553357748833481e+00
-5.422011241565733997e-01
-3.109039306592336627e-01
-2.844447641380684622e-03
4.792849678245256761e+00
-1.654541543275493520e+00
2.363323269398538873e+00
-1.415776150974651926e-01
-2.649906297312105252e+00
6.950771782178587488e-01
-1.151748267230527256e+00
8.295710681143333987e-02
-6.427257829169722436e-01
1.109690104951960965e+00
-1.288240321863867832e+00
-5.408167580494394056e-03
-2.431938928064608429e+00
1.722008112245378753e+00
-1.463196847557708846e+00
2.601165814299688517e-01
-2.811401993298493718e+00
4.050567970058617462e+00
6.164413461233368974e-01
-4.799774881883949185e-01
9.510506784034939987e-01
-4.303575323763501048e-01
-2.430374805112027303e+00
1.257677826740149829e+00
2.307719075461313274e+00
2.117644928611777999e+00
3.328404442071539293e+00
2.662849827848165152e+00
-5.416418829299622040e+00
2.978140844889273442e+00
2.064041564683964491e+00
-9.035220394053952164e-01
3.393429235525088128e+00
-7.653474984000183667e-01
3.367703235301728437e+00
1.422848260765296802e+00
1.642678330067506576e-01
1.626304530878888377e+00
6.156585771292860665e-01
-2.361658103885159843e+00
4.793347571026219001e+00
8.822933333310103432e-01
-4.404011796372189758e-02
1.333479552431998005e+00
4.390667582007841130e-01
2.079840866388285026e+00
4.179120914154351496e+00
-1.847080163887398596e+00
-8.391381958106373107e-01
-1.803928391366992567e+00
-1.379002151330758208e+00
4.365519112698290072e-01
1.324370377224762141e+00
-1.067537166683778960e+00
-1.439188849145679461e-01
4.991546638390204294e+00
-1.834976004011508621e+00
-2.291639556579835313e-01
-2.669612729122580741e-01
-1.372380150790905251e+00
3.052911209622150235e+00
-5.793404709150078435e-01
1.503775613787700749e+00
-1.340127028183542013e-01
-2.050397526666003500e-02
-2.122814713045015012e+00
1.711782859433010895e-01
3.683354277580883185e+00
9.795358375643645754e-01
4.059871633103365185e-01
2.335054474988565332e+00
-3.430147853010359515e+00
-3.632576375721952022e-01
3.206873182280055024e-01
-1.488546835722747375e+00
4.785236605848576019e+00
1.476360683836072996e+00
-2.813566178904361448e-01
-1.380253913380264041e+00
