-5.003222210605224873e-01
1.284713808276745528e+00
-4.745034350285788349e+00
1.640566010806915553e+00
1.470842113682993890e+00
-7.018513902206704458e-01
1.710340705548834439e+00
-3.396591102216490743e+00
-7.982754192244070346e-01
2.518265678251804474e+00
-2.381137231594978587e+00
2.122651399263583816e+00
8.544132840272057328e-01
7.041864587606226911e-01
1.189411659989559888e+00
1.727169544777483079e+00
-1.647141627928592200e-01
-1.747220030682686831e-01
-1.137951699947839179e+00
1.706130250283839134e+00
-6.101052252699510348e-01
-7.503795591900792594e-01
1.621612037950301177e+00
9.716745353426174958e-01
7.915086488122831110e-01
-5.385303290012395383e-01
-2.031330305161306526e+00
1.088639668467386246e+00
-2.037315822168771717e+00
-3.353825912382538466e+00
3.550831033578572438e+00
-6.925853017486083285e-01
-3.520922092035340123e-01
-1.668577554729563234e-02
1.084436222201430544e+00
5.849243528012104676e-01
-1.108723166131515780e+00
1.302605564500112445e+00
9.254804784432310027e-01
-2.285844976735869949e+00
8.499548338073609210e-01
-7.917610252501842971e-02
-1.849604285874433707e+00
1.582215413128282289e-01
-1.857661698107093695e+00
-1.422807555346462305e+00
1.610004074725475132e+00
1.844765663850841841e+00
-3.123665164188824672e+00
3.469318467548456186e-01
2.799017089858564233e+00
-2.014610626169895724e+00
9.717323909864963305e-01
-2.055383482196513345e-01
1.401505358467792339e+00
2.235150332612306556e+00
-2.808607694681118372e-01
1.602107325466487264e+00
-2.435303814464926941e-01
1.469795924035890877e+00
1.529429842107207005e+00
1.293753019075382538e+00
1.850252188075727444e+00
-8.431891796785942472e-02
-9.874257774566539414e-01
1.929714048869145271e-01
2.443103782076863628e-03
-5.432432048270036118e-01
-2.587887274537387317e+00
-2.332708850407064549e+00
5.376055841050089712e-02
1.879249351388950773e-02
-4.674409866333501529e-01
6.401960953902849361e-02
-1.732629238250612769e+00
2.054285009720331345e+00
2.686419982850445365e+00
1.352103929581386588e+00
9.988323442966849930e-01
-2.060627611472907184e+00
5.716975612295560616e-02
2.450189836633144935e+00
1.885802610925756129e-01
-6.999785025245347292e+00
-8.956392553644855203e-01
1.583549557937322660e+00
4.490409190759378499e-01
-9.725445909700655145e-01
1.897197217228906885e+00
-3.089941580136430055e+00
3.203287261067125913e-01
6.001190004440898340e-01
5.944990995919376964e-01
3.423762149757424655e+00
1.210421055228276144e+00
1.668210458901678850e-01
-3.260992618434138457e+00
-9.877969777760942094e-01
3.270787236871030235e+00
1.719616136424003017e+00
2.036830744140703864e+00
2.078042639840373074e+00
2.746954412048025596e+00
-1.708166782592904109e+00
1.769430344096396546e-01
-3.884452698223438194e+00
-3.476857979050810843e-01
8.077844210210349818e-01
2.522146272310088033e+00
-7.819036331631973313e-01
-3.383738482855086493e-02
-2.251509754428651089e-01
1.612442970956967092e-01
-1.236472885839455138e+00
4.430297807257375653e-01
-2.368583795373969014e+00
3.449380376115438906e+00
-8.993972358846453741e-01
2.576446682925957354e+00
3.546708293210758534e-01
-7.084771676304479904e-01
-1.034274726614402118e+00
-3.629227043626334637e-02
-7.286027880895623587e-02
-2.849721789589729770e+00
-7.768890563360166812e-01
3.492352752238806479e-01
1.375112112704119482e+00
-3.020130369737714648e+00
-2.609900472166331920e+00
-1.154602669095450951e+00
-6.850612582470714251e-01
2.379889583870213432e+00
3.281961114890574738e-01
9.701279437668429706e-01
5.235554450034516361e-01
1.985294875584266427e-01
4.477494075415051622e-01
-2.751590245303171312e+00
-2.316195653272296706e+00
-8.787783760771001873e-01
2.940948538100993659e-01
7.995291637261442430e-01
7.823754120896087016e-01
2.489201983467200119e+00
1.942784760736094629e+00
-5.935424093225194486e-02
-7.028579065031612672e-01
3.512068812509361870e-01
-6.207410658013980953e-01
6.128160888912799198e-01
-2.322411156717730130e+00
-1.345948386767120919e+00
2.280471028868848116e+00
5.184345444340572318e-01
-9.604000236140558533e-01
-3.348610802233278338e-01
-5.859238893630197564e-01
4.882352268639471027e-01
-7.357597309381302964e-01
8.027640489337699303e-02
-1.082801718238725064e+00
-2.765378141049969485e-01
3.797053773150793066e-01
5.022276400654666073e-01
-3.192757633265973505e-01
-4.242364772426396868e+00
5.504422915169564501e-01
4.725271819932891582e+00
-1.687345945513284207e+00
3.328991613892666734e+00
1.460089509427014987e+00
-9.363671222208165279e-01
9.054519627916043367e-01
-2.168226741250486866e-03
4.768973534615659204e-01
6.610634973965193728e-01
9.381276105342212235e-02
1.016863418804027364e-01
4.692006070576575816e+00
-6.311362061094851761e-01
-1.425015355869672928e-02
1.187114775376433284e+00
5.100046296534609391e-01
1.289020227716621170e+00
-7.718695651023493864e-01
4.510792516856496626e-01
4.618161020481746704e+00
-2.887176890473513780e+00
6.867448033928448270e-01
5.262384453423192276e-01
2.189101868465217038e+00
-2.269409462761265761e+00
2.044868101710293651e+00
8.833197935999115291e-01
2.170765843483981813e-02
1.301622831304768857e+00
3.421013607576223858e+00
-1.728352134001692741e-02
1.316935390711958753e+00
7.542485542181907032e-01
-2.765263551273854370e-01
-4.090950254280486531e-01
-1.569644776398348984e-02
3.458527455203404877e+00
1.414291348778975221e+00
1.574366951733501829e-01
-2.486815029093170093e+00
7.963608094615276523e-01
1.872832960883733300e+00
5.069440287421981273e-01
1.406154413089018007e+00
2.224667401394588850e+00
-1.012043776230242775e+00
3.188689729846906906e-01
2.396694500770164993e+00
-1.035269656306070152e+00
5.059861605086459768e-01
7.379701488423504596e-01
-4.006895024327265631e+00
6.138014106913713963e-01
-1.636119463637739635e+00
-1.071796294109766734e+00
1.135878543964058185e+00
2.644492167090611190e+00
-3.450391089708743086e-01
-4.087896751264291084e-01
2.237418744038782936e+00
1.163718241514914764e+00
1.843033766067849522e+00
2.121256289841839671e+00
8.192901738018932845e-01
-1.932984992169780147e+00
3.926200540283320883e+00
-2.958491579761589052e-01
-3.224545674737765433e-01
7.489753423651183128e-01
-2.998245863747621420e-02
1.517795430752699293e+00
1.386649627850006006e+00
8.634985064640517127e-02
-1.185792435174925608e+00
8.842668440723741585e-02
-1.653329344480107377e+00
-1.149353187494885908e+00
1.113030729478802217e+00
2.350713724455025577e+00
2.172421381334631363e+00
1.243019557619134519e+00
-6.401463562083593573e-01
-2.454318207037670341e+00
-1.392278299885990611e-01
3.178731954832867412e+00
2.084070820263702384e+00
1.284590867557356519e+00
-7.865215786112739416e+00
1.810972065095732164e+00
2.933091481148881297e+00
5.155730073894946308e-01
-9.982130530696242676e-01
-1.078564835782178211e+00
7.359907962188881880e-01
-1.057110742680992477e+00
-9.291132487374044457e-03
4.813913907805581482e-01
