-5.703146531010098386e+00
-7.767421096860415153e-01
5.326318804535784546e-01
1.879755764725624223e+00
2.607448946226063047e-01
-3.655324830591016871e-01
-2.995346954198152556e+00
5.266066715949599963e-01
-3.934522939369716976e+00
-2.191157581089800743e+00
4.854649182778799643e-01
-1.548986207953152894e+00
9.871154961476276135e-01
2.134136024210744331e+00
-3.788404465520037734e-01
-1.290243693573707828e+00
1.606770691916174165e+00
-4.235155927673253107e-01
-8.511467801053040905e-01
-5.234864390330322692e-01
-1.519884900039356390e+00
-1.297811807524977157e+00
1.208480165089167890e+00
1.858084238904714081e+00
-1.323351907929469995e+00
1.127328031051394008e+00
1.961301584683809107e+00
-6.962084641130517060e-01
1.823890078900333722e-01
7.438595587583705093e-01
-2.524404112252886634e+00
-2.012060318878906351e+00
4.630490964500795226e-01
2.932594510722347891e+00
1.948793649590916943e-01
-3.534516681215741363e-01
-2.523237135538206388e+00
-1.547504845481228131e+00
1.100606618102844658e+00
-7.399957991819200442e-01
-1.584947808900506239e+00
1.033162833562475624e+00
7.606601263316458139e-01
1.814138591208403373e+00
8.074793435552257703e-01
-1.131160529725003250e-02
1.748042200139011015e+00
-1.433515850356310350e+00
1.407386573943182340e-01
-3.021139293665036085e-01
2.241819795777753033e+00
1.960533087350813553e+00
2.258216734405895654e+00
-5.344242646273468234e-01
-5.025011807353408910e-01
1.362913541613866020e+00
-1.197092868144333799e+00
-2.092385143318927554e+00
-1.229150793377753681e+00
-1.785267969562660095e+00
-1.700160736760168101e+00
5.413926724436800564e-01
-4.103966673714963265e-01
1.653908921631825457e+00
-4.097089393467205909e-01
-1.123528399073011469e-01
-3.357508457484339903e+00
3.501677509052052856e-02
2.239795420902903622e+00
-5.511455499609864139e-01
5.696201133966387609e-01
3.922431585534026377e-01
-1.017860193922932310e-01
-2.689442914906846394e+00
-4.068640069785399160e-01
-7.514454287093697005e-01
5.447459542925341403e-01
6.922342153264309239e-01
-2.594758109874391483e+00
-1.558272336778732781e+00
4.057366158490595121e-01
2.700091111105451080e+00
-5.946105267315401344e-01
1.503120377990646572e-01
9.020991328872278725e-01
-2.075702438987331311e-02
-1.333865184602900600e+00
-1.247500795499007165e+00
1.016651100578861433e+00
1.850411731950654337e+00
4.981795287781864978e-03
1.507964043739731030e+00
9.025437628123766931e-01
1.525595464326791273e+00
-8.569951868205256673e-01
2.272953821909379224e-02
-1.899910300582162148e-01
-1.057259766984128380e+00
2.998739909102799972e-01
9.356231247306023846e+00
-1.382568371749005820e+00
-3.173844297586875945e-02
-3.429175325527870299e+00
-1.927047742047566681e+00
2.739052479589211497e+00
1.516155111626456442e+00
-2.211150775158984505e+00
-2.876258409631634816e+00
1.192346169897012365e+00
-1.287155728712620739e+00
1.262153193565328513e-01
-1.974482253264353337e+00
-4.340159343958738702e+00
-7.801484821847418094e-02
-1.246622937221257832e+00
1.385054988342013349e+00
3.169756923476218180e+00
-7.631202589290246863e-01
5.839686300914688211e-01
2.828439726097108142e+00
8.343482192428625099e-01
-5.333758824759833317e-01
-1.405377437538613827e-01
-2.932693665942669003e+00
-1.278764881667187714e+00
3.093156802388994375e-01
1.549249489567771976e+00
2.111046614893617779e+00
-6.634450092912093089e-01
2.675347674824804400e+00
2.119789763506721769e+00
4.127891082651381077e-02
-2.442052503577219369e+00
3.343022905960230662e-01
-1.871124326576892871e-01
-9.569211232141295875e-01
1.939469242581436603e+00
-4.683052808026719749e-01
3.486273475003383027e-01
9.766190127762730544e-01
2.273845582237210561e+00
1.129304167160190442e+00
-1.514116563331720511e-01
9.045995736686254229e-01
2.342300414295684363e-01
2.507318051443023776e+00
-3.146368856061752872e+00
1.206708414269225121e-01
2.841196565661089579e+00
7.930298633386267948e-01
-1.165193940081746371e+00
-1.763995287226191033e-01
1.401291511256974820e+00
-3.382289412698648023e-01
3.381909809283776269e-01
8.512494469526238339e-01
6.107753433230611151e+00
2.852245589386197988e+00
1.870214622257801329e+00
1.550960013121179148e+00
8.858311377170600132e-01
-1.840100566542630434e+00
-1.970872300629057938e-01
-6.268403651266312160e-01
1.790774338240124441e+00
-2.337829734320589381e+00
1.658998272655236139e+00
2.292477826410107278e-01
2.257593193017192412e+00
-1.180887647949508512e+00
7.797366103693030570e-02
1.661295723586281969e+00
-4.147805921249839711e-01
-6.539795297513996131e-01
-3.561207989286682807e+00
-5.374030755824150685e-01
-1.038362769567778843e+00
-1.835362662555522606e+00
-1.017595182258092645e+00
1.065770869324488723e+00
1.893171376604417588e+00
7.877458789708638442e-02
-1.496473870860623778e+00
-2.329859607070948968e+00
-4.125486570943177611e-01
4.369723688486111812e-01
-2.284672402168960392e+00
-4.708385335779750602e-01
1.497894974828663406e+00
1.605679179493393893e-01
-2.044783036236209828e+00
-2.488072850099177113e+00
6.236849219451854331e-01
-1.250301977995006197e+00
-6.034491822368529546e-01
1.843826799263496907e+00
8.416876316277616121e-01
-2.043227908340188859e-01
-2.616654624641777671e-01
-1.742430650577002638e-01
4.403598290996613152e-01
1.705455290499243048e+00
-4.515441701470874203e-01
5.615926965376540902e-01
-2.334549377240989099e+00
-1.889024523556698476e+00
7.620852334066776645e-01
1.147252981873251088e+00
2.031189013808069044e-01
2.240074325768225627e+00
1.776841089444237132e-01
8.016782368997157349e-01
-1.197577659409281292e+00
1.138925205612474123e+00
-5.170647342877210395e-01
8.782642511008653674e-01
1.626047971485460875e-01
-1.530669300346462758e-01
5.104024881783428280e-02
1.039354400789640476e+00
-1.325370097861300778e+00
9.081908057390858380e-01
-9.754066243826398086e-01
1.784661490855708355e+00
-2.771415676687146723e-01
3.599800068905680828e+00
-2.627240202712517458e+00
-1.295724801949844407e+00
1.303307118805168585e+00
-2.785354632169040112e+00
5.513496596693017171e-01
-3.495009015618423254e-01
-1.286900783459418607e+00
3.304101351593765612e-01
-1.757927239153578736e+00
4.150320581699004086e-01
-3.876366005048508701e+00
-4.968801680493687201e+00
-2.537746281429743345e+00
-1.987402550792146949e-01
7.344692548718979586e-01
1.381944408039138539e+00
1.840778762988594552e+00
2.726041845967858368e+00
-1.761681405182821347e+00
1.552953604657221764e-01
9.869997297605799247e-01
-1.401972752605814554e+00
-1.170744400223445947e+00
-2.395037046474430831e-01
7.312380671687613853e-01
9.965571591094029014e-01
-1.289260826340123067e+00
5.689537640050618128e-02
-3.105569940013329866e+00
-2.645655478343977407e+00
1.197074183658874524e+00
2.928328653686762539e+00
-1.793480663699770217e-01
8.467083262045853598e-01
-3.082870795128084040e+00
1.358125599526973204e+00
1.072754709251449112e+00
-2.853093050528574093e+00
-1.417273650477122393e+00
