-1.506554581329309306e+00
3.102300523355148165e+00
-5.919002539338670488e+00
2.408707079012127661e+00
-2.815236813954983486e+00
3.004155473692684097e+00
-1.621873534438276421e+00
-1.953448098333827598e-01
-2.711295403826400552e+00
-1.265221276607300771e+00
-3.001905214431033198e+00
-1.302027338671971401e+00
3.594372141010542254e-01
-9.765161338162119398e-01
1.092474777130325814e+00
-1.526800917138015079e-01
1.335573142813650138e+00
-3.011655161010931447e+00
9.298282317904041916e-01
3.709748524228746458e-01
2.392286315046288081e+00
-1.918571183889655973e+00
2.694480336273508136e+00
-2.425979805486344176e+00
-1.310364803075885654e+00
-3.756235818990311337e+00
-1.765268144140546447e+00
2.444371510960801519e+00
-6.113569434713688189e-01
-1.277786212185381132e-01
1.782663321120369959e+00
4.824014004305860581e+00
-7.543219716048196410e+00
-2.159556055900255789e+00
-6.813331503430787528e+00
-1.168011442585190768e-02
-2.635268281097371101e+00
-3.181267194888595551e+00
2.471876694150501486e+00
-4.244681469560910969e+00
1.821465181152883916e+00
5.007583995055070458e-01
-3.243253619049842662e+00
1.717631623107549244e+00
9.910092911168164598e-01
1.008931550939582200e+00
1.133176355553540349e+00
3.132026863336727363e-02
2.919299554013946363e+00
8.870518577720311271e+00
-2.951361620789041407e-01
-7.885753094759052617e-01
2.540244510022632296e-01
-2.147417438081066443e+00
-8.137748036017270481e-01
-1.190361908019870629e+00
1.076124237348863311e+00
-1.231072928643793585e+00
-4.512517027327472285e-01
-9.083387449471674868e-01
-3.115803368932746897e-01
5.905983256854189456e+00
-4.597139008990352993e-01
9.711540136862090167e-01
-4.229876060462704146e+00
-1.115090703395510974e-01
7.238332168035522818e-01
3.718438470199876278e+00
-5.175588312038982508e+00
1.614174265466896685e+00
-2.868473832047637284e+00
4.625893650799182133e+00
-1.644282888833840994e+00
-1.111674906779002991e-01
-3.919090825200200467e-01
-2.137155084574508201e+00
2.144332588628382608e-01
-1.994027373049946261e+00
1.433444477516517157e+00
-1.736780164203310495e+00
-2.752352843878302369e-01
2.375615654484135586e+00
-2.967132736751108557e-01
2.553645388955406936e+00
-4.783082990103778576e-01
1.832280726669011983e+00
-3.421858775746414061e+00
4.305338086331704339e+00
-2.207679360683708403e+00
2.956151416219230388e+00
-7.903635676478617533e-01
-2.831184331399055676e+00
1.255806843217014190e+00
-7.730767351529623799e-01
-7.637935463804775837e-01
1.862280417416054101e+00
5.183539860139242172e+00
3.174948729388291646e-01
3.853037262197498425e+00
7.638818352815670565e-01
3.524389929087759388e+00
-8.969913818498761460e-01
-1.312981394777902988e+00
2.840941184063456859e+00
-2.093572716706180614e+00
1.136701350236343222e+00
-6.290872606862346395e+00
-4.848738403034450251e+00
-5.123962094113687638e-01
-2.984098480392903596e+00
6.473941866201073925e-01
4.891065570768162729e-01
-3.215313100966038729e+00
-1.019394542512720658e+00
-6.283718466421842619e-01
1.990912293704149461e+00
-2.791305859606208806e+00
-9.931143338417557365e-01
2.199341034664219041e+00
-3.034100222762264654e+00
3.121199201397022449e-01
-3.119234245452842114e-01
-6.780940331708037450e-01
-1.870531961297875023e+00
4.357160811232732023e+00
-1.473572733428418324e+00
-1.610650597698254805e+00
-2.025608302587533771e+00
7.204620185585622338e-02
4.281654437196143470e-01
-3.489298907996027377e-01
-3.272472976035929015e+00
-9.833770565093885585e-01
3.929040071814033031e+00
-2.276452668325260831e+00
-3.697520808110845714e+00
7.684780450158458009e+00
3.157288422436566488e+00
-1.741881243981678651e+00
2.891628190345195026e+00
1.411417322468270674e+00
-6.722206384673425905e-01
-2.132464896718721636e+00
-5.897936047216615352e-01
2.809169324590730543e+00
4.565518265798692354e+00
-1.379465239735498727e+00
1.290773450797136457e+00
2.258536451899942898e-01
1.154826724707362251e+00
-4.729793383780607208e+00
-3.995550105904853488e+00
-1.585045136342666083e+00
4.579443273562815442e+00
1.397372700856377881e+00
-1.255965530383031714e+00
1.424407740416991253e+00
-2.433435380565962092e+00
1.331663199202621994e+00
3.638111145345044761e+00
1.177618414804894931e+00
-1.021173476455308204e+00
7.541381476085259328e-01
-1.092322507862883318e+00
2.389166111727610620e+00
9.403542639052084873e-01
3.783082599163940518e+00
2.558956880068516959e-01
-8.307604184105814582e-01
-6.595129241895344441e-01
5.161316155752508905e+00
3.630875710805709922e-01
-8.820409760501433105e-01
-7.786972339315828551e-01
-1.856844714232176896e+00
2.120304465816820194e+00
-9.111504388724992465e-01
-1.558323737256344099e+00
-1.897046236161685773e+00
-6.665204132317555930e-01
-1.992034369777760272e+00
1.530382038339815010e+00
5.996487296026616898e-01
2.584264438063132996e-02
-3.195398746107422916e+00
1.987190396695488248e+00
-6.340764207810007935e-01
2.543312601128896455e-01
-4.641611659639165666e+00
2.646199755383250363e+00
-2.049786612311595757e+00
3.727637821525778605e+00
9.521493222930720313e-01
-1.301610978657439466e+00
-1.241742034306437814e+00
3.007944286631958897e-01
3.805054979300033668e+00
1.775916985480578525e+00
-1.689314641301022935e-01
-5.178686918892685398e-01
-2.099370148883941578e+00
-2.031424038560523115e+00
2.887940247820975248e+00
3.698577788511181463e+00
8.730285037412771842e+00
-2.249094094220306594e+00
-2.015153137714201570e+00
3.951042846538740605e+00
4.447195736854697046e+00
-1.107381019805533384e+00
-1.518017002370297464e+00
1.993926617293143133e+00
6.055632371348310450e+00
1.409126437103270568e+00
-8.274740263064381818e-01
-1.412683953432643857e+00
-1.042327461842915137e-01
-2.245412557055974645e+00
3.960592724374550677e+00
-1.401384426164123509e+00
1.505302787168484535e+00
1.160170310989545817e+00
1.002415418174255723e+00
-6.740100033495211029e-01
-9.682565237851692430e-01
-4.499760465003181942e+00
-6.246773226392940970e+00
1.895822507357612374e-01
-3.431488963377949286e+00
1.909612132997146605e-01
-8.556444994964159667e-01
-1.343415225150732084e+00
4.024290183069711091e+00
1.444985543451158705e+00
-5.819589466848823500e-01
1.636032671345948541e+00
-2.672073318860527014e+00
7.323317957746293683e-01
-5.543195194314252117e-01
-7.547244596904901570e+00
1.156016259252311773e+00
-1.660058949898522096e+00
-1.412218055279469420e+00
2.357903088306706696e+00
-2.520652728173669477e+00
3.547224445076325949e+00
-8.603709590432222498e-01
1.615376750679773155e+00
-5.496655336552911386e-01
-1.287807404314544213e+00
-4.751326172990131269e+00
2.617057375511603112e+00
6.669986643884073807e-01
3.450326389632706547e+00
1.302970247715388996e-01
2.754620755442874547e+00
2.556719796214677043e-01
-9.517681331514108223e+00
2.012974401749106690e+00
-3.285102668016432137e+00
-9.713307076161228348e-01
2.211629178805893936e+00
1.842051633142348210e+00
-2.969714620755456558e+00
1.332759689485384591e+00
