-3.443871144319464173e-01
3.116839146284255513e+00
2.891774851268815172e-01
-1.296892011814620549e+00
-1.030555449038687010e+00
1.040671733615508687e+00
-9.605133085190544762e-01
9.750853522930437445e-02
-1.412046444869949680e+00
4.459797645180832992e-01
-1.717923682370666449e-01
3.217986861869464477e+00
-7.335178889433677796e-01
-2.174478488891311567e-01
-1.288152881502943048e-01
-6.334988416706449632e-01
-8.258173429157147361e-01
-3.479768963432366968e-01
1.534652313034646998e+00
-3.718158006508217817e+00
5.657636248067715590e-01
1.423206777167674408e+00
1.193628087635840718e+00
-6.592228510293727251e-01
-9.378799208023072542e-02
-3.248181829754928085e+00
-1.153560541554433383e-01
1.204211225261318380e-01
2.396980972228011098e+00
3.377891086905457363e-01
-6.821237891793101582e-01
2.910845945906255783e-01
-1.923359898384822131e-01
-3.201547199696860163e-02
-1.285461248153891622e+00
-3.805858415485449120e-01
-2.034930645490903967e+00
5.921442797519946843e-01
6.533764064719254083e-01
8.174318300551919325e-01
1.238159804881128423e+00
2.635192205286728484e+00
-3.346001413833065818e+00
5.443287604562601079e-01
-4.119341735726722020e-01
-7.557182966628240850e-01
1.283528125793577557e+00
7.250820184641009192e-01
1.643152467814552820e+00
1.334893873295073030e+00
-9.293070264647459444e-01
3.477669001469145815e-01
-9.929506403072977383e-01
1.461378934328938728e+00
-5.946201759574294421e-01
2.445404065328644627e+00
1.244443707624850015e+00
-1.916355120496691378e-01
-1.272786864285265773e+00
-6.128081133672558245e-01
-1.514894954954701389e-01
-3.038669249051462740e-01
-2.597742396023270395e-01
-1.239480773927378598e-01
6.433341806744080627e-01
-1.653658296698792052e+00
4.479961641166692043e-01
1.607356558107388977e+00
6.178627913315679621e-01
1.942705174886049102e-01
3.409130026806972413e+00
-4.011122235536955793e-01
-1.025838023605466720e+00
-4.808750541347661112e-01
-4.331985304739268017e+00
-1.915781821183745737e-02
5.618358594507384396e-01
4.590550884271409893e-01
-1.549991378219585547e+00
9.819996534272281696e-01
1.898112580024704954e+00
9.198893070381531922e-01
1.852113122557307756e+00
-1.493310138013080213e+00
2.786931031353614419e-01
-3.084196461556379942e-01
-2.767464618907493623e+00
-8.004471284371363071e-02
-6.095974843204705618e-01
-1.344105855162997187e+00
-4.791568130234229450e-01
-5.705419029357368110e-01
1.294645270898181044e+00
5.850047418561535317e-02
2.318892770351944355e-01
-3.733934978575752517e-01
4.084746481955732200e-01
9.005004928896050975e-01
1.435430899082005052e+00
4.325953046074936026e+00
1.733785500384272815e+00
-1.456342139409864789e+00
2.112084490893971100e+00
1.569365768611109546e+00
3.387776328761434197e+00
9.513727648458965291e-02
-1.365303499220166028e+00
9.502856982246590811e-02
-1.486271298458394119e+00
1.091196864658595111e-01
-4.610860364473638451e-01
-6.892940920891901690e+00
4.023246052983136534e-01
3.439345063987190310e-01
4.205305610672581684e-01
-2.017629067366756956e+00
5.318288072208076089e-01
1.562453665367924849e+00
5.321878845427687743e-01
1.117958304762400656e+00
-2.716636772564482882e+00
-2.380153081347909927e-01
-9.299922481852908041e-01
-5.238029536289818822e-01
-5.958088686030533765e-01
1.594841903712923559e-02
2.390297018179493582e-01
-4.690581070738980562e-01
-6.121267890866657346e-01
-5.723504682445561542e-01
8.503015084167886428e-01
-9.325549384632364491e-01
-2.300410448796472995e-01
2.475946623685991277e+00
-6.514367927898455646e-01
-1.248057963073033738e+00
6.866945802624512263e-01
6.162895914066496283e-01
-1.143473138654524712e+00
-1.996612601897712613e+00
-6.866960509426822679e-01
1.209074084049518660e+00
-3.438115313920528937e-01
3.883876945668945924e-01
8.274519752160773844e-01
8.575873708823822383e-02
1.160352639818748935e-02
2.567271674482455857e-01
-2.432218376022942108e-01
9.082882827328787601e-01
6.797937929795819234e-02
9.418715536215914730e-01
-2.078006673785583125e+00
2.577578081261097331e+00
-1.157235492097264062e+00
-6.349096780393782558e-01
1.319869577128808258e+00
-9.403511660558612206e-01
-4.287378648900855294e-01
-3.127681491772436484e+00
1.088454322173242783e+00
6.101772885218811893e-02
1.624358069705611918e+00
1.877825997853872719e+00
1.095300740289632813e-01
8.362406351950768535e-01
-1.182419954102525761e+00
1.514743221138513452e+00
-2.087292944304744768e+00
-1.435615457239985515e+00
-1.134327724788495528e+00
2.693369986136086691e+00
1.119845361339547596e+00
3.744144206415168874e+00
-1.529725215899393476e+00
-3.349018267307540264e-01
1.962633742527637892e+00
-3.449774743687477052e-01
-1.069914035741276193e+00
-5.279174901921440677e-01
-6.134792892451403912e-01
5.095887881446466983e-01
5.116481363872567023e-01
1.776177475644934722e-01
-7.340180329358343692e-02
-4.686116526787187375e-02
6.358843704247457707e-01
-2.937352039935575004e-02
-1.967953355041049512e+00
-3.682574010758906669e-01
-9.427847006960863308e-01
-3.488863251918691843e-02
5.522309357573162991e-01
5.265817973394890106e-02
5.195223149558133580e-01
-3.599062336966190601e-01
2.124551008639600780e-01
3.184536416361372080e-01
1.218463287239101467e+00
-3.891223317383675218e-01
2.934136224326744924e-01
-2.053059258919750718e+00
1.565151382451301254e+00
1.107080139928191320e+00
-9.436617661690588355e-01
1.128035181069870996e+00
7.401915863575612153e-01
2.151206119055918187e+00
-1.234090552161462684e+00
-1.257927197504380423e+00
8.096369489209679360e-01
3.717094177713113901e-01
-9.314335212021103150e-01
5.476962890761735703e-02
3.054767852734436850e-01
1.899482947940644539e+00
1.062265750936940645e+00
3.425668603300475290e+00
1.862794508690139295e-01
1.896125286585662373e+00
-1.062420919238560746e+00
-2.858268582242378675e-01
-9.988440584809670231e-01
-1.334616685275547665e+00
1.582378628058298986e+00
1.033392200003272698e+00
-8.126563321979669574e-01
2.940228349437200350e+00
1.624893284913611513e+00
7.361558888288419755e-01
-2.020674605555709213e+00
1.550757496656782308e+00
-8.322914439694112376e-01
7.174556207533400176e-01
-2.207705671661047475e+00
5.482674023126341556e-01
1.022499005006653805e+00
-1.197387191932906658e+00
1.354897361984957471e-01
-7.595247811769485491e-01
1.576373898584584321e+00
-5.659152803630804751e-01
-4.118208004904915676e+00
-2.350854495933683841e-01
1.662644060163606330e+00
-1.655400678581748997e+00
-2.961094762303375649e-01
6.810581263804708074e-01
-1.905022735923431076e+00
-1.513778763767154034e+00
-8.784455563236509557e-02
2.183625338097000823e-01
2.956959839834584769e-01
1.316529197328567991e+00
-2.509310572200592393e+00
-5.034463857109149343e-01
1.296607045051051843e+00
-2.202218870100650649e-01
2.372582972411979796e+00
-3.264888921604633953e-01
1.787169996453155552e+00
-2.300846096680596808e+00
1.946482477980241432e+00
1.014525900511848100e+00
4.832002855201963376e-01
