-2.861641932076368189e+00
6.748250830914523934e-01
-9.714157927515902902e-01
-4.367643932868120471e-01
-4.729791043006019713e-01
2.251507109165669540e+00
5.646827238045729613e-01
8.935428656168089567e-01
1.605421870712480326e+00
-1.003487566275825804e+00
7.954122421917694252e-01
1.300762288541366773e+00
2.825526929459129200e+00
-1.880021136201587284e-01
-3.433201083357901418e+00
-6.966331181649952908e-01
3.286404531672552309e+00
-4.845461577270103737e-01
2.462512138690903019e+00
9.519635426722700133e-01
-1.950655825884656469e+00
1.023139921109082057e-02
2.312394498990178349e+00
-1.100184732960928891e+00
2.248664897878772440e+00
3.466280573147829669e-01
-3.163606704698137762e+00
1.334372877050862716e+00
7.704638633997686892e-01
-4.053309900884617178e+00
-7.384191316352187728e-01
-1.797386855914822057e+00
-7.817862301241396139e-01
2.725883100260939162e+00
1.174157274588754962e+00
-7.712380758437088479e-01
-9.524962417688584981e-01
7.409868467024689487e-01
4.592986898866839418e+00
-2.533872097800384360e+00
2.725350795163433038e+00
-3.550634872453171997e+00
2.379320734674715165e+00
-4.217786412793589790e+00
-1.393361208865811385e+00
-5.670205564214551019e-01
2.975077566687075681e+00
6.792115096263257046e-01
7.057306309549121748e-01
-7.314611161094914937e-01
1.717099284091186950e+00
-6.631526317675082161e-02
-2.887784051461028123e-01
-1.450706537768339910e+00
-1.909704328932319839e-01
-3.182300571896013341e+00
1.619164581680464732e+00
3.175850758861600287e+00
-1.799076565957082430e+00
1.879750050370084247e-01
-1.307886254255568259e+00
2.298498596126797633e+00
-1.366719737585982974e+00
3.022657076577740742e+00
9.420045074093261750e-01
-4.083841954625470727e+00
-1.457768254264852681e+00
-2.204246677749008398e+00
-2.205857642202624813e+00
2.286562033216771983e+00
-5.706291062243178391e-01
-1.517267677161467931e+00
3.788583567851212530e-01
2.283918856001267983e+00
-1.427974584649882139e+00
-1.653851244229736395e+00
6.194259322958790559e-01
-1.836865428271136746e+00
3.395382393467134552e-01
2.179026558948119197e-01
1.218152290211541144e+00
8.385362661230026937e-01
-3.696453565557213938e-01
-3.583255408549720578e+00
-1.256398586129342076e+00
-9.022614832033877263e+00
3.491436667878260458e+00
-1.397258599028804671e+00
-7.873801570541231198e-01
4.745521009675785606e+00
-1.469377292788517142e+00
-1.090258343034298694e+00
-1.426846615929539430e+00
-3.665607185262335754e+00
2.110203224158389013e-01
-1.921169993804284215e-01
2.952558499092210464e+00
-1.113215901790237661e+00
-1.598052863579032090e+00
-5.999580876693995535e+00
-1.631610041208107820e+00
1.320638429314583639e+00
-3.737538307165099827e+00
9.790586082443953897e-01
-6.827600641379868440e-01
4.151047769353029437e+00
-9.844373039629270017e-02
-1.544453423199722675e+00
-1.012501829032680378e+00
-3.623388734355935448e+00
3.757040104927593216e+00
-1.588240388787913293e+00
-1.172690836894131339e-01
1.600576720121469787e+00
-9.781561935897716831e-01
-2.744420581659327230e+00
1.747699047011158857e+00
-1.466015497588817773e+00
3.757916263603591767e-01
-8.185495882980691196e-01
2.646162652156977213e+00
6.006298126427938033e-01
1.483276847200836190e+00
1.117867355642060190e+00
7.585702429231570010e-01
-4.598520589914736195e-02
-8.323998939822420118e-01
-1.463307862920749880e+00
-1.037327447565158822e+00
2.082024189657288193e+00
1.955631250595629034e+00
-5.213394916066607099e-01
4.429389300536457519e+00
-2.243608225574030168e+00
1.886929590441795979e-01
2.582421776920874379e+00
-4.351610627367446527e-01
-2.258043292867831564e+00
-1.823709102400650428e+00
-6.847459568286772269e-01
-2.563837828957830300e+00
-1.317066911466319823e+00
1.894843779588604837e+00
-6.130701172008066191e-01
1.130165473156155842e-01
1.102666250603969722e+00
2.294432724765894438e+00
6.613681012108171275e-01
-3.432167152849022740e-01
-2.822015326206599450e+00
-2.337763563173485881e+00
-1.153442295405887053e-01
-2.336122090720077260e+00
1.320584689267751743e+00
1.363454677425403494e+00
-2.435395132042610378e+00
1.492674111355673183e+00
2.372188008321328923e+00
1.380750274387287035e+00
-8.797708007972026012e-01
-2.543216491903290688e+00
1.258698553840805534e+00
-2.848096987517661383e+00
-7.414502631249408893e-01
-3.216428230634018615e+00
-6.958104817310118984e-01
2.361701078682354016e+00
6.121349908194456679e-01
-5.382376285404679717e-01
-4.867675543520508796e+00
5.390716454067757679e-01
6.378929593259238806e-02
-1.935016268633257486e+00
3.601975143576042204e-01
7.644899182553016592e-01
-1.072103623584047538e+00
-2.826516401806258294e-01
2.885093469210945116e+00
-6.778385516099019181e-01
-2.184357611386018583e+00
7.313888596560375044e-01
8.045926128236275954e-01
3.022788146246919161e-01
2.540442214451922531e+00
1.955615875550670957e+00
1.193980500544978174e+00
-3.119011842164240988e-01
-7.348847295159585680e-02
-1.048388919661025653e+00
1.835140743671792141e+00
4.217177538046697371e+00
-1.804538701378497478e-01
1.446016349116494126e+00
2.701248978758127528e+00
-5.355519314367586103e-01
3.616725928801063361e-01
-3.724741634819365155e-01
-8.290338444752416436e-01
3.963669324004748695e+00
8.456518315369434546e-01
1.613341891156635233e-01
-5.379583276503707712e-01
7.449537091087367058e-01
1.270333048148286070e-01
-6.894516317705859931e-01
-1.928168803867934322e+00
2.162610368779919412e+00
-2.460766309715145539e-01
-1.290038906075515190e-01
-9.859922400404276255e-01
6.109139772349728714e-01
1.346320372917549024e+00
2.621784210233268464e+00
1.597190800434964197e+00
4.417795680561874327e+00
2.086213729536522399e-01
2.812507354665664039e+00
1.159012092671202199e+00
2.037324990341269793e+00
2.293995044082496881e-01
3.432343994526084074e+00
-3.890288083080727932e-01
1.084194968450498786e+00
5.960022213121463963e+00
5.297968539558595147e-01
-4.637942328775829237e-01
-3.193574613100579995e+00
-8.819257607718857805e-01
-2.823369687177600174e+00
-1.992820600672262854e+00
-1.085041793588697789e+00
2.742920161214732033e+00
2.629082920282860947e+00
1.488123616905869806e+00
-5.140766568492378674e-01
9.022421157015083626e-01
-4.564257214615771718e-02
-2.905535567029678745e+00
9.626819179792635239e+00
-5.175299559051609322e-01
6.929436469622081596e+00
-2.466380285504852665e+00
5.373449928619781213e-01
2.304452417209143622e+00
-1.108994297461851186e+00
-2.182056724811315185e+00
2.628407664230037355e+00
2.869857125175406809e-01
2.819261732340148652e-01
-6.622200813945583464e-01
2.804752149768685587e-01
3.447092029024548143e+00
2.795013143565912905e+00
2.257524901433106135e-01
-3.783610283274900343e+00
2.074085948068663754e+00
-2.167292280176166486e+00
-3.837410675337801780e-01
1.598513630834482280e+00
1.302681078879545540e+00
-3.177319823609867644e+00
-6.574132735392459459e-01
-1.057922561862940425e+00
-1.264411251336811370e-01
1.809943036601513899e+00
